{
  "camera_angle_x": 1.279762110855551,
  "camera_angle_y": 1.0149640586357775,
  "fl_x": 2686.875706267045,
  "fl_y": 2697.562464094375,
  "k1": 0.07841903589826257,
  "k2": -0.07320635932789166,
  "p1": -0.00029516970735442494,
  "p2": 7.038517550279365e-05,
  "cx": 2003.9062779319224,
  "cy": 1501.0412600818172,
  "w": 4000.0,
  "h": 3000.0,
  "aabb_scale": 4,
  "frames": [
    {
      "file_path": "./images/20221101_144559.jpg",
      "sharpness": 2580.2247459727737,
      "transform_matrix": [
        [
          -0.9758971005855893,
          -0.0006839997966972897,
          0.21823011079429722,
          0.9632015256159973
        ],
        [
          0.21642151715060906,
          -0.13154766739899215,
          0.9673969909591027,
          4.122296180348159
        ],
        [
          0.028045962686071832,
          0.9913096102582593,
          0.12852501947720582,
          0.7285274815076962
        ],
        [
          0.0,
          0.0,
          0.0,
          1.0
        ]
      ]
    },
    {
      "file_path": "./images/20221101_144557.jpg",
      "sharpness": 3456.703819394436,
      "transform_matrix": [
        [
          -0.9980008592664142,
          0.06304382191575794,
          -0.004445387061425519,
          0.051530902215883946
        ],
        [
          -0.014741482235426337,
          -0.16380927389707406,
          0.9863818786288754,
          4.124833302957272
        ],
        [
          0.06145708787048613,
          0.9844754940308333,
          0.16441115548591187,
          0.7666679869561174
        ],
        [
          0.0,
          0.0,
          0.0,
          1.0
        ]
      ]
    },
    {
      "file_path": "./images/20221101_144601.jpg",
      "sharpness": 2722.2410354977924,
      "transform_matrix": [
        [
          -0.8142783082361704,
          -0.050937807211994576,
          0.5782353989309603,
          2.578433745676571
        ],
        [
          0.5790753702731494,
          -0.14040766675946656,
          0.8030923998263159,
          3.244679461202445
        ],
        [
          0.040280917365854596,
          0.9887825984288868,
          0.1438277469244745,
          0.6068041509646963
        ],
        [
          0.0,
          0.0,
          0.0,
          1.0
        ]
      ]
    },
    {
      "file_path": "./images/20221101_144605.jpg",
      "sharpness": 3798.9503739996667,
      "transform_matrix": [
        [
          -0.4029512686407216,
          -0.12449455519559252,
          0.9067146082819322,
          4.1848643961343255
        ],
        [
          0.9149560544066346,
          -0.030940139707156485,
          0.4023656623770957,
          1.693301651650846
        ],
        [
          -0.022038457508853818,
          0.991737774578809,
          0.12637441556378812,
          0.5302886003326537
        ],
        [
          0.0,
          0.0,
          0.0,
          1.0
        ]
      ]
    },
    {
      "file_path": "./images/20221101_144606(0).jpg",
      "sharpness": 2432.898336468014,
      "transform_matrix": [
        [
          -0.2013542423201854,
          -0.13467827789075534,
          0.9702155588364978,
          4.455855667724397
        ],
        [
          0.979410516559272,
          -0.012975583503681276,
          0.20146134687937675,
          0.7577824348963162
        ],
        [
          -0.014543354259012806,
          0.990804418511598,
          0.13451801050334386,
          0.5299301214061541
        ],
        [
          0.0,
          0.0,
          0.0,
          1.0
        ]
      ]
    },
    {
      "file_path": "./images/20221101_144600(0).jpg",
      "sharpness": 2575.533146071565,
      "transform_matrix": [
        [
          -0.8793934493137691,
          -0.02954930899840889,
          0.4751778611068921,
          2.1087646781133667
        ],
        [
          0.47400517225379724,
          -0.14777047613743852,
          0.8680339757517423,
          3.6639547102213204
        ],
        [
          0.044567454615129634,
          0.9885801559630327,
          0.14395491401901156,
          0.6373977833449049
        ],
        [
          0.0,
          0.0,
          0.0,
          1.0
        ]
      ]
    },
    {
      "file_path": "./images/20221101_144602.jpg",
      "sharpness": 2326.528666089382,
      "transform_matrix": [
        [
          -0.7258843153799736,
          -0.09026932311832137,
          0.6818675898101333,
          3.131282246700423
        ],
        [
          0.6877005411919813,
          -0.11347618356335092,
          0.7170712108352741,
          2.846803192821191
        ],
        [
          0.012646198957459205,
          0.9894314554895524,
          0.1444488441793186,
          0.5827806987319616
        ],
        [
          0.0,
          0.0,
          0.0,
          1.0
        ]
      ]
    },
    {
      "file_path": "./images/20221101_144600.jpg",
      "sharpness": 3498.2316433843566,
      "transform_matrix": [
        [
          -0.9329626072178886,
          -0.006822223574721389,
          0.3599086423567368,
          1.5422825947373104
        ],
        [
          0.35704114138134474,
          -0.14489047386043016,
          0.922782950615268,
          3.911987515325008
        ],
        [
          0.04585190213749327,
          0.989424179962296,
          0.13761320874573954,
          0.6712810081403477
        ],
        [
          0.0,
          0.0,
          0.0,
          1.0
        ]
      ]
    },
    {
      "file_path": "./images/20221101_144604.jpg",
      "sharpness": 2270.3971709104644,
      "transform_matrix": [
        [
          -0.5304716228520487,
          -0.12655159270955826,
          0.8382031685550712,
          3.9003660493852066
        ],
        [
          0.8469450892551059,
          -0.03732722308130563,
          0.530368451365947,
          2.178366216651976
        ],
        [
          -0.03583117558315015,
          0.9912574705114089,
          0.1269832825872733,
          0.5485418942216945
        ],
        [
          0.0,
          0.0,
          0.0,
          1.0
        ]
      ]
    },
    {
      "file_path": "./images/20221101_144606.jpg",
      "sharpness": 2159.166719465894,
      "transform_matrix": [
        [
          -0.3165724866492857,
          -0.12231950427857087,
          0.9406486058109615,
          4.246019979776922
        ],
        [
          0.9485391816652686,
          -0.03304845885268858,
          0.31493050060903705,
          1.2205626923262816
        ],
        [
          -0.007435155972717126,
          0.9919403904900124,
          0.12648707528901906,
          0.5325609482521708
        ],
        [
          0.0,
          0.0,
          0.0,
          1.0
        ]
      ]
    },
    {
      "file_path": "./images/20221101_144603.jpg",
      "sharpness": 3678.4696156289515,
      "transform_matrix": [
        [
          -0.6248722319043685,
          -0.13033209190760286,
          0.7697715503045136,
          3.6559259753963795
        ],
        [
          0.7801832979665055,
          -0.06745029489048264,
          0.6219039148404739,
          2.5733066907747713
        ],
        [
          -0.029132720120343174,
          0.9891733940937966,
          0.14383073760617093,
          0.5865387443625016
        ],
        [
          0.0,
          0.0,
          0.0,
          1.0
        ]
      ]
    },
    {
      "file_path": "./images/20221101_144607.jpg",
      "sharpness": 2676.774012666209,
      "transform_matrix": [
        [
          -0.11957197860080578,
          -0.13334528779913513,
          0.9838300545315879,
          4.519720247429495
        ],
        [
          0.9924292597311238,
          0.01194183561816226,
          0.1222356617040042,
          0.34535801235890295
        ],
        [
          -0.02804828627666196,
          0.9909976926455416,
          0.13090785634614002,
          0.5096677563211329
        ],
        [
          0.0,
          0.0,
          0.0,
          1.0
        ]
      ]
    },
    {
      "file_path": "./images/20221101_144609.jpg",
      "sharpness": 3010.7006816015773,
      "transform_matrix": [
        [
          0.1053821282559016,
          -0.13044448640434372,
          0.9858391567874227,
          4.4357825133677595
        ],
        [
          0.9944162542145649,
          0.008279842885949702,
          -0.10520341038327424,
          -0.685873636066171
        ],
        [
          0.005560611506414611,
          0.9914210408365624,
          0.13058866501809607,
          0.5159835284051962
        ],
        [
          0.0,
          0.0,
          0.0,
          1.0
        ]
      ]
    },
    {
      "file_path": "./images/20221101_144609(0).jpg",
      "sharpness": 2223.3684259760344,
      "transform_matrix": [
        [
          0.2587529604621417,
          -0.1212511848178685,
          0.9583032169813027,
          4.2936940403638975
        ],
        [
          0.9659435143869736,
          0.03229518806191386,
          -0.2567297174898184,
          -1.2444770855879315
        ],
        [
          0.0001801998108489087,
          0.9920963516983617,
          0.12547827110625812,
          0.5214621266767007
        ],
        [
          0.0,
          0.0,
          0.0,
          1.0
        ]
      ]
    },
    {
      "file_path": "./images/20221101_144608.jpg",
      "sharpness": 2526.922597577803,
      "transform_matrix": [
        [
          -0.0013022922329420147,
          -0.12807145521341476,
          0.9917640880969787,
          4.53211974887787
        ],
        [
          0.999894053530436,
          0.014211637150067756,
          0.003148187510661708,
          -0.12234430548837315
        ],
        [
          -0.014497784314277224,
          0.9916631140533473,
          0.128039378790205,
          0.5237862253914041
        ],
        [
          0.0,
          0.0,
          0.0,
          1.0
        ]
      ]
    },
    {
      "file_path": "./images/20221101_144610.jpg",
      "sharpness": 984.7412755688345,
      "transform_matrix": [
        [
          0.39534199340388304,
          -0.12502794700367267,
          0.9099850112852761,
          4.051614071536018
        ],
        [
          0.9184909701619918,
          0.04422095347064043,
          -0.3929616329944238,
          -1.7339450606646487
        ],
        [
          0.008890781381477097,
          0.9911672511675447,
          0.13231944023606876,
          0.5110060881094282
        ],
        [
          0.0,
          0.0,
          0.0,
          1.0
        ]
      ]
    },
    {
      "file_path": "./images/20221101_144611.jpg",
      "sharpness": 2459.3120449956637,
      "transform_matrix": [
        [
          0.5251239503869684,
          -0.10236816973020721,
          0.844846491737076,
          3.8459353012125943
        ],
        [
          0.8508479878686965,
          0.08344292949194285,
          -0.5187436544751238,
          -2.185226417719057
        ],
        [
          -0.01739362777375476,
          0.9912406546285679,
          0.13091763200341833,
          0.5255367597762445
        ],
        [
          0.0,
          0.0,
          0.0,
          1.0
        ]
      ]
    },
    {
      "file_path": "./images/20221101_144612.jpg",
      "sharpness": 1539.574423679108,
      "transform_matrix": [
        [
          0.6190836910560551,
          -0.11898641937860617,
          0.7762587297520347,
          3.4192170713675663
        ],
        [
          0.7853171586138898,
          0.08937572113101992,
          -0.6126083094927217,
          -2.490154596677398
        ],
        [
          0.0035133854722823317,
          0.9888651134104597,
          0.14877312810863605,
          0.5008755986417315
        ],
        [
          0.0,
          0.0,
          0.0,
          1.0
        ]
      ]
    },
    {
      "file_path": "./images/20221101_144613.jpg",
      "sharpness": 1730.3814496608884,
      "transform_matrix": [
        [
          0.7242049085248686,
          -0.09991121532636439,
          0.6823085808964067,
          2.8957307589990657
        ],
        [
          0.6893481413803657,
          0.1308135015415836,
          -0.7125215560181173,
          -2.631670842132007
        ],
        [
          -0.018066279990925558,
          0.9863597603869105,
          0.16360939050602308,
          0.5176272532284593
        ],
        [
          0.0,
          0.0,
          0.0,
          1.0
        ]
      ]
    },
    {
      "file_path": "./images/20221101_144613(0).jpg",
      "sharpness": 1135.9803437810433,
      "transform_matrix": [
        [
          0.8452983028035419,
          -0.1186370704310325,
          0.520956835871617,
          2.409429779311788
        ],
        [
          0.5342696000586723,
          0.19712751854743443,
          -0.8220077468522369,
          -2.788725321501268
        ],
        [
          -0.0051743373675318186,
          0.9731731536545195,
          0.23001573703534028,
          0.6347249999673237
        ],
        [
          0.0,
          0.0,
          0.0,
          1.0
        ]
      ]
    },
    {
      "file_path": "./images/20221101_144619.jpg",
      "sharpness": 2192.3590881703876,
      "transform_matrix": [
        [
          0.9870954890277976,
          0.04414071821258363,
          0.15392885558277575,
          0.7756079678172152
        ],
        [
          0.1332970746859104,
          0.30618693726363505,
          -0.9425929393592479,
          -3.9828428659288755
        ],
        [
          -0.08873773417281404,
          0.9509475045899004,
          0.296351915959899,
          0.98241920465795
        ],
        [
          0.0,
          0.0,
          0.0,
          1.0
        ]
      ]
    },
    {
      "file_path": "./images/20221101_144639.jpg",
      "sharpness": 1276.1662644179364,
      "transform_matrix": [
        [
          -0.10233207124318106,
          0.3141129226047454,
          -0.9438544480438487,
          -4.169694674787015
        ],
        [
          -0.9947053109334226,
          -0.04133535514345446,
          0.09408896224648652,
          0.4693019511301292
        ],
        [
          -0.009459999897530245,
          0.9484853506051554,
          0.3166797248551617,
          1.0126516939740091
        ],
        [
          0.0,
          0.0,
          0.0,
          1.0
        ]
      ]
    },
    {
      "file_path": "./images/20221101_144622.jpg",
      "sharpness": 1340.1204613834523,
      "transform_matrix": [
        [
          0.9967289613425196,
          0.04769609549596285,
          0.06524155224912416,
          0.339260758941463
        ],
        [
          0.04574264737497866,
          0.33257255102083216,
          -0.9419676791266449,
          -4.05071204103327
        ],
        [
          -0.06662572984178508,
          0.9418707877528524,
          0.329302947672591,
          1.2886003238254098
        ],
        [
          0.0,
          0.0,
          0.0,
          1.0
        ]
      ]
    },
    {
      "file_path": "./images/20221101_144618.jpg",
      "sharpness": 831.6703544587903,
      "transform_matrix": [
        [
          0.959831204855533,
          -0.013830011356259718,
          0.2802370229213736,
          1.232322316746972
        ],
        [
          0.27119648846633,
          0.3018454735627012,
          -0.9139703358062853,
          -3.723849875168572
        ],
        [
          -0.0719480567700182,
          0.9532565451736978,
          0.2934713550851436,
          0.9115134490704319
        ],
        [
          0.0,
          0.0,
          0.0,
          1.0
        ]
      ]
    },
    {
      "file_path": "./images/20221101_144642.jpg",
      "sharpness": 266.5726042331649,
      "transform_matrix": [
        [
          -0.5523711350970499,
          0.25902989075557387,
          -0.7923317770045105,
          -3.590165161734728
        ],
        [
          -0.8335630740858533,
          -0.16289665473036202,
          0.527861043645781,
          2.1284422086566317
        ],
        [
          0.007663592559092004,
          0.9520337155879199,
          0.30589716209526124,
          0.9848961306921645
        ],
        [
          0.0,
          0.0,
          0.0,
          1.0
        ]
      ]
    },
    {
      "file_path": "./images/20221101_144637.jpg",
      "sharpness": 776.2339306074322,
      "transform_matrix": [
        [
          0.16238013485336544,
          0.331022962304391,
          -0.9295463895237294,
          -4.295028688484171
        ],
        [
          -0.9861247338558194,
          0.021497130917374502,
          -0.16460827026830618,
          -0.6391101455222539
        ],
        [
          -0.03450653681465219,
          0.943377799099873,
          0.3299206376199065,
          1.0708241330920898
        ],
        [
          0.0,
          0.0,
          0.0,
          1.0
        ]
      ]
    },
    {
      "file_path": "./images/20221101_144628.jpg",
      "sharpness": 3812.7918629962883,
      "transform_matrix": [
        [
          0.9747744783363088,
          0.06711328266482064,
          -0.21286268747364284,
          -0.8521845785639205
        ],
        [
          -0.22306311362887166,
          0.26052247532225414,
          -0.9393459890747241,
          -4.098648790895122
        ],
        [
          -0.007587078640456669,
          0.9631323103208987,
          0.2689211577742037,
          1.2030175064791242
        ],
        [
          0.0,
          0.0,
          0.0,
          1.0
        ]
      ]
    },
    {
      "file_path": "./images/20221101_144629.jpg",
      "sharpness": 1594.9164324975504,
      "transform_matrix": [
        [
          0.9655291746320809,
          0.09676466057766224,
          -0.24164025625287522,
          -1.193754167166944
        ],
        [
          -0.25907410120713903,
          0.26744931705786573,
          -0.928090228851488,
          -3.895070057388435
        ],
        [
          -0.02517981447173986,
          0.9587009248512534,
          0.28329933582256667,
          1.17704245863451
        ],
        [
          0.0,
          0.0,
          0.0,
          1.0
        ]
      ]
    },
    {
      "file_path": "./images/20221101_144630.jpg",
      "sharpness": 1733.834265845781,
      "transform_matrix": [
        [
          0.921531539039778,
          0.15648097415048667,
          -0.35537772486224556,
          -1.8263726406531025
        ],
        [
          -0.3850276047338294,
          0.2496009719229765,
          -0.8885117322853139,
          -3.653619113579478
        ],
        [
          -0.05033255588674966,
          0.9556218182872527,
          0.29026466246558313,
          1.2327550042634459
        ],
        [
          0.0,
          0.0,
          0.0,
          1.0
        ]
      ]
    },
    {
      "file_path": "./images/20221101_144633(0).jpg",
      "sharpness": 802.1414084951224,
      "transform_matrix": [
        [
          0.6759767965109383,
          0.2380764521781531,
          -0.6974058886627258,
          -3.237632295112824
        ],
        [
          -0.7368807744314785,
          0.22849394811458038,
          -0.6362367797831948,
          -2.6556519938246783
        ],
        [
          0.0078800296628677,
          0.9439862915511421,
          0.329890567523567,
          1.1132710954079095
        ],
        [
          0.0,
          0.0,
          0.0,
          1.0
        ]
      ]
    },
    {
      "file_path": "./images/20221101_144632.jpg",
      "sharpness": 1072.8675452376237,
      "transform_matrix": [
        [
          0.832485247348118,
          0.14601810108500857,
          -0.5344595654936342,
          -2.484210193409271
        ],
        [
          -0.5538621739834965,
          0.244255584203321,
          -0.7959748123002282,
          -3.2613857656877556
        ],
        [
          0.01431800279912522,
          0.958654225351206,
          0.28421307333954543,
          1.1958000682081817
        ],
        [
          0.0,
          0.0,
          0.0,
          1.0
        ]
      ]
    },
    {
      "file_path": "./images/20221101_144633.jpg",
      "sharpness": 1446.6823885798233,
      "transform_matrix": [
        [
          0.7566666080138239,
          0.20740381527418994,
          -0.6200316941664644,
          -2.9251559298598693
        ],
        [
          -0.6534810816828954,
          0.2695783986203274,
          -0.7073117861880045,
          -3.035110624083902
        ],
        [
          0.020447988163449726,
          0.9403781922446568,
          0.3395154420283791,
          1.165473747213918
        ],
        [
          0.0,
          0.0,
          0.0,
          1.0
        ]
      ]
    },
    {
      "file_path": "./images/20221101_144635.jpg",
      "sharpness": 1004.743459175977,
      "transform_matrix": [
        [
          0.4733227048455599,
          0.29080487344661354,
          -0.8315035434090196,
          -3.9257756628978826
        ],
        [
          -0.8807413240353922,
          0.1389403814070538,
          -0.4527585344877117,
          -1.853659891308798
        ],
        [
          -0.01613496886100733,
          0.9466404259478153,
          0.3218875064151756,
          1.1102256228488547
        ],
        [
          0.0,
          0.0,
          0.0,
          1.0
        ]
      ]
    },
    {
      "file_path": "./images/20221101_144640.jpg",
      "sharpness": 529.7368094124529,
      "transform_matrix": [
        [
          -0.24131594476245752,
          0.30626597273053147,
          -0.9208516540655158,
          -4.0237489895441785
        ],
        [
          -0.9704258067208563,
          -0.08236846046416457,
          0.22691229665126444,
          0.9501835855389207
        ],
        [
          -0.006353617802837569,
          0.9483757645113825,
          0.317085226513713,
          0.9982471788220416
        ],
        [
          0.0,
          0.0,
          0.0,
          1.0
        ]
      ]
    },
    {
      "file_path": "./images/20221101_144620.jpg",
      "sharpness": 1142.1185556230564,
      "transform_matrix": [
        [
          0.9908218516539515,
          0.019583652708545018,
          0.13374804251277578,
          0.603184244640502
        ],
        [
          0.1231368379105095,
          0.2774013866489662,
          -0.952830409797696,
          -4.036032152049085
        ],
        [
          -0.05576179229024766,
          0.9605545019796901,
          0.2724438865016345,
          0.9871308607238487
        ],
        [
          0.0,
          0.0,
          0.0,
          1.0
        ]
      ]
    },
    {
      "file_path": "./images/20221101_144624.jpg",
      "sharpness": 92.72128682262101,
      "transform_matrix": [
        [
          0.9994430649928389,
          0.029167144909756894,
          0.016212265107210206,
          0.01858809803205792
        ],
        [
          0.006600111790990396,
          0.30345691484233384,
          -0.9528223020896038,
          -4.0138923158438455
        ],
        [
          -0.03271083011033564,
          0.9523986447560591,
          0.30309540264626456,
          1.2926673855007258
        ],
        [
          0.0,
          0.0,
          0.0,
          1.0
        ]
      ]
    },
    {
      "file_path": "./images/20221101_144634.jpg",
      "sharpness": 2055.227412267957,
      "transform_matrix": [
        [
          0.579878809628738,
          0.26178471107062457,
          -0.7714981083823857,
          -3.692687570643751
        ],
        [
          -0.8145763011989816,
          0.2029843687570603,
          -0.5433808936334587,
          -2.3559893447419875
        ],
        [
          0.014353246286131795,
          0.943539141283306,
          0.3309499557824387,
          1.0993294558655857
        ],
        [
          0.0,
          0.0,
          0.0,
          1.0
        ]
      ]
    },
    {
      "file_path": "./images/20221101_144641.jpg",
      "sharpness": 286.35021312141794,
      "transform_matrix": [
        [
          -0.39660805454918174,
          0.2830001935767027,
          -0.8732771275755681,
          -3.9100766379182885
        ],
        [
          -0.9179819824086526,
          -0.11880937801738581,
          0.37840905336529096,
          1.572581152005281
        ],
        [
          0.0033363229894916163,
          0.9517327472429593,
          0.3069098349992477,
          0.9816266167823329
        ],
        [
          0.0,
          0.0,
          0.0,
          1.0
        ]
      ]
    },
    {
      "file_path": "./images/20221101_144636.jpg",
      "sharpness": 705.7994060658431,
      "transform_matrix": [
        [
          0.2984033845100283,
          0.31897008947733524,
          -0.8995629506466759,
          -4.118106206170273
        ],
        [
          -0.9543374129941357,
          0.08590649274746215,
          -0.2861121749665754,
          -1.176495038586012
        ],
        [
          -0.013982927954029228,
          0.9438634205050715,
          0.3300398782015371,
          1.0713277693226195
        ],
        [
          0.0,
          0.0,
          0.0,
          1.0
        ]
      ]
    },
    {
      "file_path": "./images/20221101_144643.jpg",
      "sharpness": 190.2872226661753,
      "transform_matrix": [
        [
          -0.6591367406417032,
          0.2292034208355248,
          -0.7162433588228925,
          -3.1833580335211096
        ],
        [
          -0.7519946271301032,
          -0.20917487724557232,
          0.6250999532053814,
          2.7332092138535162
        ],
        [
          -0.00654506902093486,
          0.9506375032835099,
          0.3102345877999296,
          0.9792935648056197
        ],
        [
          0.0,
          0.0,
          0.0,
          1.0
        ]
      ]
    },
    {
      "file_path": "./images/20221101_144644.jpg",
      "sharpness": 1539.9184477427048,
      "transform_matrix": [
        [
          -0.7552873718562267,
          0.21661421704509012,
          -0.6185622579278738,
          -2.8760161982468504
        ],
        [
          -0.655277169592848,
          -0.23178382072990728,
          0.7189492968623344,
          3.1976395567942073
        ],
        [
          0.01236191553311172,
          0.9483430505169735,
          0.31700574383676416,
          0.9967860526740087
        ],
        [
          0.0,
          0.0,
          0.0,
          1.0
        ]
      ]
    },
    {
      "file_path": "./images/20221101_144617.jpg",
      "sharpness": 2050.0401897248753,
      "transform_matrix": [
        [
          0.9515244256708785,
          -0.05738775809027862,
          0.302171991781914,
          1.5807393220993422
        ],
        [
          0.30669830630020495,
          0.2510806404026261,
          -0.9180929478697711,
          -3.682704132876253
        ],
        [
          -0.023182241211599005,
          0.9662635030251405,
          0.2565100903648397,
          0.8964379399184175
        ],
        [
          0.0,
          0.0,
          0.0,
          1.0
        ]
      ]
    },
    {
      "file_path": "./images/20221101_144638.jpg",
      "sharpness": 547.8452267915135,
      "transform_matrix": [
        [
          0.03110221012539033,
          0.32015623929510745,
          -0.9468540727113673,
          -4.222524018389709
        ],
        [
          -0.9991013220019654,
          -0.01733361621963933,
          -0.03867937594234421,
          -0.13897097252622168
        ],
        [
          -0.028795848652363884,
          0.9472061698669496,
          0.31932940815302335,
          1.0344183535496307
        ],
        [
          0.0,
          0.0,
          0.0,
          1.0
        ]
      ]
    },
    {
      "file_path": "./images/20221101_144645.jpg",
      "sharpness": 1906.6521553676405,
      "transform_matrix": [
        [
          -0.832245141686743,
          0.1790341204226626,
          -0.5247044957951751,
          -2.439082244035753
        ],
        [
          -0.5543588236966163,
          -0.25615052169144287,
          0.7918795393413814,
          3.5627713466207775
        ],
        [
          0.0073701264749079405,
          0.9499124664953409,
          0.31242917161729383,
          0.9666658167251282
        ],
        [
          0.0,
          0.0,
          0.0,
          1.0
        ]
      ]
    },
    {
      "file_path": "./images/20221101_144646.jpg",
      "sharpness": 2499.112229901088,
      "transform_matrix": [
        [
          -0.9056722316930729,
          0.16642878797615557,
          -0.389947775115143,
          -1.863617974253355
        ],
        [
          -0.42246766334640207,
          -0.27666903404068116,
          0.863119527661286,
          3.9300117081829273
        ],
        [
          0.035761462599800405,
          0.9464437142148903,
          0.32088224266985066,
          1.004541581791514
        ],
        [
          0.0,
          0.0,
          0.0,
          1.0
        ]
      ]
    },
    {
      "file_path": "./images/20221101_144647.jpg",
      "sharpness": 1834.414524064083,
      "transform_matrix": [
        [
          -0.9489419472629999,
          0.1147570022824021,
          -0.29383670838790005,
          -1.4091214607183962
        ],
        [
          -0.31467492608400705,
          -0.27907501926044287,
          0.9072468377015276,
          4.029165809877584
        ],
        [
          0.022110442372037954,
          0.9533876253094168,
          0.30093714342030103,
          1.0116615269745355
        ],
        [
          0.0,
          0.0,
          0.0,
          1.0
        ]
      ]
    },
    {
      "file_path": "./images/20221101_144652.jpg",
      "sharpness": 1257.4692901665373,
      "transform_matrix": [
        [
          -0.9425336785058779,
          -0.21974919094341144,
          0.25167550140263434,
          1.0329401865407026
        ],
        [
          0.29105094980218404,
          -0.17011402526260513,
          0.9414619286135866,
          3.7258008095747477
        ],
        [
          -0.16407196451327283,
          0.9606099684745797,
          0.2242964087385464,
          1.5567887382855106
        ],
        [
          0.0,
          0.0,
          0.0,
          1.0
        ]
      ]
    },
    {
      "file_path": "./images/20221101_144654.jpg",
      "sharpness": 1342.2142445334414,
      "transform_matrix": [
        [
          -0.8419583987890457,
          -0.2025809316696045,
          0.5000670163856387,
          1.998061340867283
        ],
        [
          0.5340895272902836,
          -0.18149595915880637,
          0.8257164123647295,
          3.5171123971513687
        ],
        [
          -0.07651425732913611,
          0.9622994248033113,
          0.2610084011934748,
          1.4445677412479547
        ],
        [
          0.0,
          0.0,
          0.0,
          1.0
        ]
      ]
    },
    {
      "file_path": "./images/20221101_144651.jpg",
      "sharpness": 1655.009875663515,
      "transform_matrix": [
        [
          -0.9896602207956934,
          -0.1349414370487894,
          0.04861538836829411,
          0.42351676608573
        ],
        [
          0.07950114574903976,
          -0.23396309215443542,
          0.9689895971241067,
          3.876221059227143
        ],
        [
          -0.11938264213231946,
          0.9628354377148874,
          0.24227196429400247,
          1.6015076288330343
        ],
        [
          0.0,
          0.0,
          0.0,
          1.0
        ]
      ]
    },
    {
      "file_path": "./images/20221101_144656.jpg",
      "sharpness": 1710.6595836305355,
      "transform_matrix": [
        [
          -0.5676452362790068,
          -0.3130913700873186,
          0.7614149195747147,
          2.9945724003513847
        ],
        [
          0.8163824395237148,
          -0.09465761148113343,
          0.5697013682857085,
          2.5860858987241753
        ],
        [
          -0.10629486430415074,
          0.9449940373411733,
          0.30933423874052174,
          1.3729651758312638
        ],
        [
          0.0,
          0.0,
          0.0,
          1.0
        ]
      ]
    },
    {
      "file_path": "./images/20221101_144657.jpg",
      "sharpness": 2317.194191078855,
      "transform_matrix": [
        [
          -0.41252847201609744,
          -0.2868445158175769,
          0.864604235223155,
          3.367318184683316
        ],
        [
          0.90372370471486,
          -0.009600224759163,
          0.42800852937953926,
          2.033733300683341
        ],
        [
          -0.11447150438980057,
          0.957929047202826,
          0.2631885545627094,
          1.3806682755610409
        ],
        [
          0.0,
          0.0,
          0.0,
          1.0
        ]
      ]
    },
    {
      "file_path": "./images/20221101_144658.jpg",
      "sharpness": 2704.8636006731986,
      "transform_matrix": [
        [
          -0.29627011378722873,
          -0.3017701605193726,
          0.9061781226342798,
          3.739069550978667
        ],
        [
          0.9450784290579924,
          0.044484311632385476,
          0.3238022682880466,
          1.37164945315884
        ],
        [
          -0.1380245724795341,
          0.952342331456188,
          0.2720170971711534,
          1.3448167667888766
        ],
        [
          0.0,
          0.0,
          0.0,
          1.0
        ]
      ]
    },
    {
      "file_path": "./images/20221101_144700.jpg",
      "sharpness": 1618.59318866619,
      "transform_matrix": [
        [
          0.05235838227728324,
          -0.2736410984748337,
          0.9604057210758199,
          3.9271106818616186
        ],
        [
          0.9887171771107496,
          0.1493641274664177,
          -0.011344651293010483,
          0.0986947492419518
        ],
        [
          -0.1403457997006122,
          0.9501636210123002,
          0.2783741185099218,
          1.3199420371876582
        ],
        [
          0.0,
          0.0,
          0.0,
          1.0
        ]
      ]
    },
    {
      "file_path": "./images/20221101_144710.jpg",
      "sharpness": 723.6090470293653,
      "transform_matrix": [
        [
          0.4764505101116339,
          0.16496681730806487,
          0.8635860470422067,
          3.707266622070636
        ],
        [
          0.8786485490138931,
          -0.054517221324914086,
          -0.47434649771596776,
          -1.5785319737062964
        ],
        [
          -0.031171120369722777,
          0.9847912579887181,
          -0.17092261257329527,
          -0.7190371293410395
        ],
        [
          0.0,
          0.0,
          0.0,
          1.0
        ]
      ]
    },
    {
      "file_path": "./images/20221101_144701.jpg",
      "sharpness": 2047.7538275039028,
      "transform_matrix": [
        [
          0.15879649374128793,
          -0.2678346492013309,
          0.9502885216117505,
          3.9236869868168376
        ],
        [
          0.9768049074465015,
          0.18266141679490056,
          -0.11174515472057293,
          -0.5080339573596808
        ],
        [
          -0.14365182340700072,
          0.9459912301626435,
          0.29062819225291836,
          1.2832331328268116
        ],
        [
          0.0,
          0.0,
          0.0,
          1.0
        ]
      ]
    },
    {
      "file_path": "./images/20221101_144707.jpg",
      "sharpness": 1955.65149171866,
      "transform_matrix": [
        [
          0.472848363898092,
          0.14481997633980118,
          0.8691614345196238,
          3.708407080364698
        ],
        [
          0.879767975697121,
          -0.022492396974989077,
          -0.47487093090304383,
          -1.5839338354885513
        ],
        [
          -0.04922127295727187,
          0.9892023385416031,
          -0.13804347053474195,
          -0.8016694273659851
        ],
        [
          0.0,
          0.0,
          0.0,
          1.0
        ]
      ]
    },
    {
      "file_path": "./images/20221101_144659.jpg",
      "sharpness": 3047.5018470567697,
      "transform_matrix": [
        [
          -0.08129066681509269,
          -0.29180852052766865,
          0.9530160622364052,
          4.0333551075582506
        ],
        [
          0.9894354724008659,
          0.09153290590118911,
          0.11242407701543773,
          0.7019050889402773
        ],
        [
          -0.12003863313257022,
          0.9520869259311469,
          0.2812849304026608,
          1.31967032222306
        ],
        [
          0.0,
          0.0,
          0.0,
          1.0
        ]
      ]
    },
    {
      "file_path": "./images/20221101_144711.jpg",
      "sharpness": 489.93269657460803,
      "transform_matrix": [
        [
          0.4798386070544663,
          0.1818619913057951,
          0.8583013033560497,
          3.6755211078852232
        ],
        [
          0.877346441017631,
          -0.10420988479350805,
          -0.4684052970939101,
          -1.5776683781375682
        ],
        [
          0.004258359873170673,
          0.9777865391146993,
          -0.20955989678914216,
          -0.462857538432017
        ],
        [
          0.0,
          0.0,
          0.0,
          1.0
        ]
      ]
    },
    {
      "file_path": "./images/20221101_144714.jpg",
      "sharpness": 344.4428726255668,
      "transform_matrix": [
        [
          0.490614831092503,
          -0.1594930562735468,
          0.8566557374797483,
          3.369992314042965
        ],
        [
          0.8689410560570866,
          0.016097309844440723,
          -0.4946537351671172,
          -1.9624554417438547
        ],
        [
          0.0651039831826997,
          0.9870677999313059,
          0.14648764370248207,
          0.8113797051583255
        ],
        [
          0.0,
          0.0,
          0.0,
          1.0
        ]
      ]
    },
    {
      "file_path": "./images/20221101_144713.jpg",
      "sharpness": 1489.9031417000554,
      "transform_matrix": [
        [
          0.4580037482394173,
          0.10208466363419941,
          0.8830692430912256,
          3.56448151659186
        ],
        [
          0.8886832686994696,
          -0.07692515746241393,
          -0.4520227517322806,
          -1.8978578560879062
        ],
        [
          0.021785650009412103,
          0.9917969760211567,
          -0.1259529430142192,
          0.40826212385316485
        ],
        [
          0.0,
          0.0,
          0.0,
          1.0
        ]
      ]
    },
    {
      "file_path": "./images/20221101_144715.jpg",
      "sharpness": 530.4350368917587,
      "transform_matrix": [
        [
          0.4942477738743077,
          -0.19804633478257275,
          0.8464613324563935,
          2.958218336708701
        ],
        [
          0.8688479242461963,
          0.08041550077515168,
          -0.4885044849013888,
          -1.6974529295050176
        ],
        [
          0.028677910823285607,
          0.9768884258495338,
          0.21181732912351192,
          1.025509773822889
        ],
        [
          0.0,
          0.0,
          0.0,
          1.0
        ]
      ]
    },
    {
      "file_path": "./images/20221101_144721.jpg",
      "sharpness": 140.0442213937242,
      "transform_matrix": [
        [
          -0.2698328185713062,
          -0.2525767547063623,
          0.9291906333192559,
          2.931042112924649
        ],
