{
  "camera_angle_x": 1.0094190764471074,
  "camera_angle_y": 0.5995445867253039,
  "fl_x": 1737.7660618968996,
  "fl_y": 1747.082210313622,
  "k1": -0.04811111236908002,
  "k2": 0.03625072700181518,
  "p1": 0.001028351479536243,
  "p2": 0.0037525468502446965,
  "cx": 956.0890192778321,
  "cy": 541.0310240101142,
  "w": 1920.0,
  "h": 1080.0,
  "aabb_scale": 16,
  "frames": [
    {
      "file_path": "./images/0006.jpg",
      "sharpness": 197.89179789475835,
      "transform_matrix": [
        [
          0.11180416420823323,
          0.8541331273320014,
          0.5078941126737585,
          1.9082848736186153
        ],
        [
          0.9792519139047372,
          -0.18162553259270814,
          0.08987688821836759,
          0.2097218321533488
        ],
        [
          0.16901336632389533,
          0.4873076715278347,
          -0.8567179905397038,
          -3.3338622603900223
        ],
        [
          0.0,
          0.0,
          0.0,
          1.0
        ]
      ]
    },
    {
      "file_path": "./images/0002.jpg",
      "sharpness": 81.72169367087105,
      "transform_matrix": [
        [
          0.10627739222142057,
          0.6860693811993656,
          0.7197318390291244,
          3.2978586331829076
        ],
        [
          0.9806719452065289,
          -0.19190893711182458,
          0.038124739381992546,
          0.050235779397123446
        ],
        [
          0.1642791885898089,
          0.7017690247271242,
          -0.6932045759876506,
          -2.6239497190507324
        ],
        [
          0.0,
          0.0,
          0.0,
          1.0
        ]
      ]
    },
    {
      "file_path": "./images/0001.jpg",
      "sharpness": 43.67160537152702,
      "transform_matrix": [
        [
          0.11342840536114362,
          0.6213181848439174,
          0.7753049142552875,
          3.5990449740586388
        ],
        [
          0.9784172503409423,
          -0.20551219691331155,
          0.02155043309603354,
          -0.0513053084297095
        ],
        [
          0.1727242921801184,
          0.7561272711205532,
          -0.6312193507799532,
          -2.4088300609825506
        ],
        [
          0.0,
          0.0,
          0.0,
          1.0
        ]
      ]
    },
    {
      "file_path": "./images/0011.jpg",
      "sharpness": 98.55152043738885,
      "transform_matrix": [
        [
          -0.17082563769041895,
          0.7078994611418412,
          0.6853444057199736,
          2.9006217817012856
        ],
        [
          0.9821188940944425,
          0.0664756800882647,
          0.17613478313781197,
          0.8326937158455981
        ],
        [
          0.07912698260666938,
          0.7031780264684937,
          -0.7065971863486591,
          -3.061920890107389
        ],
        [
          0.0,
          0.0,
          0.0,
          1.0
        ]
      ]
    },
    {
      "file_path": "./images/0003.jpg",
      "sharpness": 183.71921607196953,
      "transform_matrix": [
        [
          0.10583136594237043,
          0.7497303576523802,
          0.6532259278581318,
          2.8338671280363026
        ],
        [
          0.9808606486820258,
          -0.18667943684685487,
          0.05534596405438314,
          0.10657551985936634
        ],
        [
          0.16343839777142866,
          0.6348662683595725,
          -0.755137544738376,
          -2.8337415961295442
        ],
        [
          0.0,
          0.0,
          0.0,
          1.0
        ]
      ]
    },
    {
      "file_path": "./images/0016.jpg",
      "sharpness": 277.0513947107717,
      "transform_matrix": [
        [
          -0.495155030992573,
          0.10896459437977359,
          0.8619444370046753,
          3.358378506583191
        ],
        [
          0.8028824397824962,
          0.43646753384557946,
          0.40604911008295125,
          1.5544494152726873
        ],
        [
          -0.3319657861528903,
          0.8930973122268943,
          -0.3036048546341024,
          -1.4989555290585692
        ],
        [
          0.0,
          0.0,
          0.0,
          1.0
        ]
      ]
    },
    {
      "file_path": "./images/0014.jpg",
      "sharpness": 169.82900971092403,
      "transform_matrix": [
        [
          -0.4370565389146994,
          0.32325739683833193,
          0.8393367841397875,
          3.6432696148395047
        ],
        [
          0.8828786254517703,
          0.3324085147063437,
          0.3317075701315961,
          1.3578391228097406
        ],
        [
          -0.17177576812199752,
          0.8860074688059651,
          -0.43067836113107427,
          -2.1874885190892464
        ],
        [
          0.0,
          0.0,
          0.0,
          1.0
        ]
      ]
    },
    {
      "file_path": "./images/0009.jpg",
      "sharpness": 148.58819444120616,
      "transform_matrix": [
        [
          0.01898309098737167,
          0.8520616903531356,
          0.5230970446466257,
          2.3605580558038035
        ],
        [
          0.9836856969993661,
          -0.10952785618487842,
          0.14270983935912931,
          0.5529421232446552
        ],
        [
          0.17889128483115468,
          0.5118540070961769,
          -0.8402400750210914,
          -3.3801233343737622
        ],
        [
          0.0,
          0.0,
          0.0,
          1.0
        ]
      ]
    },
    {
      "file_path": "./images/0012.jpg",
      "sharpness": 196.8243786103342,
      "transform_matrix": [
        [
          -0.26903641331512224,
          0.5867658609283132,
          0.763757312756154,
          3.2852412379282994
        ],
        [
          0.9631227899397182,
          0.16697297242283185,
          0.21098463922880822,
          1.0029018700894201
        ],
        [
          -0.003728245240828211,
          0.7923546245012724,
          -0.610049382639861,
          -2.706315211887386
        ],
        [
          0.0,
          0.0,
          0.0,
          1.0
        ]
      ]
    },
    {
      "file_path": "./images/0013.jpg",
      "sharpness": 94.41077910216434,
      "transform_matrix": [
        [
          -0.3622469697563701,
          0.4550572056363232,
          0.8134494898453744,
          3.5562494712706285
        ],
        [
          0.9283137733456036,
          0.25453712912996473,
          0.27100625107664084,
          1.1066390561720751
        ],
        [
          -0.08372975051256397,
          0.8533075585819629,
          -0.514641175370177,
          -2.4681379788082145
        ],
        [
          0.0,
          0.0,
          0.0,
          1.0
        ]
      ]
    },
    {
      "file_path": "./images/0015.jpg",
      "sharpness": 240.4547561276944,
      "transform_matrix": [
        [
          -0.48420514690891947,
          0.20715591929955618,
          0.850077526367436,
          3.496528257518866
        ],
        [
          0.8376322145764752,
          0.39048710197311853,
          0.38195823895792264,
          1.4685229083553835
        ],
        [
          -0.2528193995983294,
          0.8969984661805402,
          -0.3625963360224449,
          -1.8499106192524115
        ],
        [
          0.0,
          0.0,
          0.0,
          1.0
        ]
      ]
    },
    {
      "file_path": "./images/0004.jpg",
      "sharpness": 320.0431156250835,
      "transform_matrix": [
        [
          0.10940916877313007,
          0.8007961485558184,
          0.5888592041188215,
          2.471034380328935
        ],
        [
          0.9803468353296858,
          -0.18477364644163374,
          0.06912873535097011,
          0.16015620777848502
        ],
        [
          0.16416368740934428,
          0.5697229397395569,
          -0.8052739010492569,
          -3.0683567095935693
        ],
        [
          0.0,
          0.0,
          0.0,
          1.0
        ]
      ]
    },
    {
      "file_path": "./images/0010.jpg",
      "sharpness": 126.44337949747305,
      "transform_matrix": [
        [
          -0.07304497822957508,
          0.8009283928208968,
          0.5942879274877516,
          2.712935974311889
        ],
        [
          0.9874468029424597,
          -0.02559559148862121,
          0.15586429054326414,
          0.7701561432078284
        ],
        [
          0.1400472867415817,
          0.5982128177345815,
          -0.7890045514537778,
          -3.233033810422206
        ],
        [
          0.0,
          0.0,
          0.0,
          1.0
        ]
      ]
    },
    {
      "file_path": "./images/0007.jpg",
      "sharpness": 342.23055062800046,
      "transform_matrix": [
        [
          0.10424561518142367,
          0.8625346647720096,
          0.49514321545487683,
          1.8110087479916503
        ],
        [
          0.9781022124470771,
          -0.1790856871299837,
          0.1060395147235562,
          0.25875683978371805
        ],
        [
          0.1801358202521552,
          0.473246520068678,
          -0.8623159615508534,
          -3.3085402219893276
        ],
        [
          0.0,
          0.0,
          0.0,
          1.0
        ]
      ]
    },
    {
      "file_path": "./images/0017.jpg",
      "sharpness": 179.97767673071343,
      "transform_matrix": [
        [
          -0.48522963511599304,
          0.04555271583926063,
          0.8731993766109657,
          3.1330002115983846
        ],
        [
          0.7929696230144903,
          0.4437276710252012,
          0.417498420301563,
          1.6935701349096552
        ],
        [
          -0.3684445388209041,
          0.8950031866321162,
          -0.25143173580877237,
          -1.2823632772437736
        ],
        [
          0.0,
          0.0,
          0.0,
          1.0
        ]
      ]
    },
    {
      "file_path": "./images/0008.jpg",
      "sharpness": 353.851469372389,
      "transform_matrix": [
        [
          0.07795615350993561,
          0.8659486785548048,
          0.49401996343066285,
          2.0603115850984643
        ],
        [
          0.9786512465427039,
          -0.16099093396690575,
          0.12776406706256488,
          0.39073364089432855
        ],
        [
          0.1901698603506144,
          0.47351325780341624,
          -0.8600119876716988,
          -3.403992595062307
        ],
        [
          0.0,
          0.0,
          0.0,
          1.0
        ]
      ]
    },
    {
      "file_path": "./images/0018.jpg",
      "sharpness": 340.9210486936521,
      "transform_matrix": [
        [
          -0.4842324900538041,
          -0.04955363212965866,
          0.8735349638955284,
          3.0625472587290195
        ],
        [
          0.7898160360632384,
          0.40480298226377975,
          0.46078755922788944,
          1.406547575921008
        ],
        [
          -0.3764432556964953,
          0.913060229737346,
          -0.15688050278161303,
          -1.198613070649071
        ],
        [
          0.0,
          0.0,
          0.0,
          1.0
        ]
      ]
    },
    {
      "file_path": "./images/0019.jpg",
      "sharpness": 493.3522221747077,
      "transform_matrix": [
        [
          -0.4891765274741188,
          -0.11215811419911503,
          0.8649432827744097,
          3.2543871932235326
        ],
        [
          0.7939431413626168,
          0.35326667521790717,
          0.4948302178275275,
          1.5301500240750037
        ],
        [
          -0.3610548618380505,
          0.9287751146725406,
          -0.0837625999388707,
          -0.730781589135565
        ],
        [
          0.0,
          0.0,
          0.0,
          1.0
        ]
      ]
    },
    {
      "file_path": "./images/0022.jpg",
      "sharpness": 135.88085627896848,
      "transform_matrix": [
        [
          -0.480651891014701,
          -0.3018081238282523,
          0.8233380934246718,
          2.3429194001520877
        ],
        [
          0.7856412918815797,
          0.2688706312507751,
          0.5572040417593401,
          2.082753226412757
        ],
        [
          -0.38954013934480675,
          0.9146695797261372,
          0.10787974695578251,
          0.4165668067279189
        ],
        [
          0.0,
          0.0,
          0.0,
          1.0
        ]
      ]
    },
    {
      "file_path": "./images/0005.jpg",
      "sharpness": 233.90667383189052,
      "transform_matrix": [
        [
          0.11177914723408956,
          0.8351046354855456,
          0.5386145839680586,
          2.1661008975245624
        ],
        [
          0.9799223186527157,
          -0.18268031630856468,
          0.07987585023760725,
          0.20753835289743788
        ],
        [
          0.16509897536446608,
          0.5188719975579902,
          -0.838757520696052,
          -3.2498039325411168
        ],
        [
          0.0,
          0.0,
          0.0,
          1.0
        ]
      ]
    },
    {
      "file_path": "./images/0021.jpg",
      "sharpness": 131.08610540048642,
      "transform_matrix": [
        [
          -0.48557255296056595,
          -0.22666240731784615,
          0.8443005678957869,
          2.5961282997706423
        ],
        [
          0.7929772884199267,
          0.2923328620038411,
          0.5345357966070334,
          2.1180659732800002
        ],
        [
          -0.36797597186095665,
          0.9290670863486923,
          0.03778932702416468,
          0.22899100509448908
        ],
        [
          0.0,
          0.0,
          0.0,
          1.0
        ]
      ]
    },
    {
      "file_path": "./images/0020.jpg",
      "sharpness": 130.76801734131274,
      "transform_matrix": [
        [
          -0.4917401508944229,
          -0.1792494608078012,
          0.8520922806993113,
          2.974509468483318
        ],
        [
          0.7903692755913855,
          0.3187550947937348,
          0.5231745385200604,
          1.7584431713894397
        ],
        [
          -0.36538750964540967,
          0.9307334851493008,
          -0.015071411923428991,
          -0.3373693722344845
        ],
        [
          0.0,
          0.0,
          0.0,
          1.0
        ]
      ]
    },
    {
      "file_path": "./images/0024.jpg",
      "sharpness": 217.93174258430847,
      "transform_matrix": [
        [
          -0.4540664797253049,
          -0.3719983563473699,
          0.8095930180613193,
          2.0560478094775854
        ],
        [
          0.8170012623056435,
          0.1886498588665025,
          0.5449038155052011,
          1.7948549732070984
        ],
        [
          -0.35543293233191897,
          0.9088610750052671,
          0.2182635493952374,
          0.9159451731473142
        ],
        [
          0.0,
          0.0,
          0.0,
          1.0
        ]
      ]
    },
    {
      "file_path": "./images/0023.jpg",
      "sharpness": 355.68448095993017,
      "transform_matrix": [
        [
          -0.4832954300139213,
          -0.3375744554682345,
          0.8077555412201733,
          2.2699177017899417
        ],
        [
          0.7863512441680554,
          0.2381693434361627,
          0.5700237579733244,
          1.9268573329716747
        ],
        [
          -0.38480806661113265,
          0.9106694520499932,
          0.1503459378046864,
          0.6573384641992414
        ],
        [
          0.0,
          0.0,
          0.0,
          1.0
        ]
      ]
    },
    {
      "file_path": "./images/0025.jpg",
      "sharpness": 82.39702111857125,
      "transform_matrix": [
        [
          -0.37626140174241557,
          -0.40259520409861815,
          0.8344725634941726,
          1.7406602311043633
        ],
        [
          0.8802553373313294,
          0.12569812877493475,
          0.45754838163158196,
          1.5223537215089893
        ],
        [
          -0.28909842383319956,
          0.9067067233099747,
          0.307091223062549,
          1.1467060493717978
        ],
        [
          0.0,
          0.0,
          0.0,
          1.0
        ]
      ]
    },
    {
      "file_path": "./images/0026.jpg",
      "sharpness": 200.4169182284798,
      "transform_matrix": [
        [
          -0.27761218074225014,
          -0.3820697837102747,
          0.8814500312031464,
          2.1539878700782724
        ],
        [
          0.9464046399096989,
          0.04889072955423288,
          0.3192615763485178,
          0.8672612970459016
        ],
        [
          -0.16507493651360264,
          0.9228393018165271,
          0.34801995402306884,
          1.3650568852250753
        ],
        [
          0.0,
          0.0,
          0.0,
          1.0
        ]
      ]
    },
    {
      "file_path": "./images/0028.jpg",
      "sharpness": 413.6725820858902,
      "transform_matrix": [
        [
          -0.03500458451029534,
          -0.3095257836123767,
          0.9502465303126957,
          2.484228341909944
        ],
        [
          0.9925453944315525,
          -0.12183549192198694,
          -0.0031229653109748276,
          -0.24419233029071724
        ],
        [
          0.11674039175288235,
          0.9430534991332781,
          0.31148319175561845,
          1.121961685100593
        ],
        [
          0.0,
          0.0,
          0.0,
          1.0
        ]
      ]
    },
    {
      "file_path": "./images/0030.jpg",
      "sharpness": 803.9600538668321,
      "transform_matrix": [
        [
          0.2044346021296691,
          -0.2741333470666483,
          0.9397113394585763,
          2.5611935303452684
        ],
        [
          0.9159084388830729,
          -0.28518890024815735,
          -0.28245180610063636,
          -1.163609622160381
        ],
        [
          0.34542470244230183,
          0.9184324685252162,
          0.1927785666035754,
          0.8569003003974391
        ],
        [
          0.0,
          0.0,
          0.0,
          1.0
        ]
      ]
    },
    {
      "file_path": "./images/0027.jpg",
      "sharpness": 297.5633453217728,
      "transform_matrix": [
        [
          -0.1553186759877066,
          -0.3396968652049515,
          0.9276217702750761,
          2.431521803684432
        ],
        [
          0.9876751366371687,
          -0.03501800952052175,
          0.15255019989978125,
          0.327801605205466
        ],
        [
          -0.019337356709408626,
          0.9398828537741418,
          0.3409490986309707,
          1.298604394999659
        ],
        [
          0.0,
          0.0,
          0.0,
          1.0
        ]
      ]
    },
    {
      "file_path": "./images/0031.jpg",
      "sharpness": 539.4044755446424,
      "transform_matrix": [
        [
          0.3182928914432523,
          -0.2674296642743874,
          0.9094894226716953,
          2.530293213076643
        ],
        [
          0.8391062688633317,
          -0.36694759359824247,
          -0.4015596258567452,
          -1.6191934323825872
        ],
        [
          0.4411239109814516,
          0.890971850429526,
          0.10760509719812662,
          0.5858527208527424
        ],
        [
          0.0,
          0.0,
          0.0,
          1.0
        ]
      ]
    },
    {
      "file_path": "./images/0029.jpg",
      "sharpness": 654.1493512858742,
      "transform_matrix": [
        [
          0.08595043260971659,
          -0.28160592786512173,
          0.9556728648205607,
          2.5858841400880803
        ],
        [
          0.9672621353132412,
          -0.20630910467126531,
          -0.14778536778213952,
          -0.7243840668978354
        ],
        [
          0.2387812487189308,
          0.9370883921815188,
          0.25465439430586545,
          1.1522617575195377
        ],
        [
          0.0,
          0.0,
          0.0,
          1.0
        ]
      ]
    },
    {
      "file_path": "./images/0033.jpg",
      "sharpness": 358.41142911595705,
      "transform_matrix": [
        [
          0.4972095855620963,
          -0.2936184215763446,
          0.816437903679818,
          2.2779249347401245
        ],
        [
          0.6380168312588371,
          -0.5139635578176164,
          -0.5733899059779328,
          -2.2547716027242912
        ],
        [
          0.5879771688534848,
          0.8059960817421825,
          -0.06821411264315698,
          0.10638911064802958
        ],
        [
          0.0,
          0.0,
          0.0,
          1.0
        ]
      ]
    },
    {
      "file_path": "./images/0034.jpg",
      "sharpness": 213.38304635682687,
      "transform_matrix": [
        [
          0.5560938078584844,
          -0.2468715767914577,
          0.7936082796083099,
          2.064077170437019
        ],
        [
          0.5840169255862475,
          -0.5633173278265672,
          -0.5844637018760149,
          -2.3952015715102912
        ],
        [
          0.5913407710694966,
          0.7884973131079356,
          -0.1690800985713656,
          -0.054100282557706776
        ],
        [
          0.0,
          0.0,
          0.0,
          1.0
        ]
      ]
    },
    {
      "file_path": "./images/0038.jpg",
      "sharpness": 240.89797308616374,
      "transform_matrix": [
        [
          0.6898991934712498,
          0.035725294293353776,
          0.723023378753608,
          2.989720567387308
        ],
        [
          0.6216946671971807,
          -0.5409157959689564,
          -0.566485518315649,
          -2.379808595231061
        ],
        [
          0.37085690456792236,
          0.8403176810291147,
          -0.39538759632107007,
          -1.5245806073572425
        ],
        [
          0.0,
          0.0,
          0.0,
          1.0
        ]
      ]
    },
    {
      "file_path": "./images/0035.jpg",
      "sharpness": 351.0307618927182,
      "transform_matrix": [
        [
          0.6019641513404447,
          -0.19024679098307773,
          0.7755290575152751,
          2.088513981317961
        ],
        [
          0.5647640947271123,
          -0.5851623248589496,
          -0.581916291990718,
          -2.452796116516937
        ],
        [
          0.564518093463314,
          0.788283712961556,
          -0.24480218559582342,
          -0.3060318125192567
        ],
        [
          0.0,
          0.0,
          0.0,
          1.0
        ]
      ]
    },
    {
      "file_path": "./images/0037.jpg",
      "sharpness": 300.9843703569462,
      "transform_matrix": [
        [
          0.6703809666537979,
          -0.053758548845311456,
          0.7400671442533284,
          2.83742250863177
        ],
        [
          0.5878604213419419,
          -0.5701193945037409,
          -0.5739198559397071,
          -2.459011578203039
        ],
        [
          0.452779730782649,
          0.8198011310487591,
          -0.35059466762055985,
          -1.1454895381769665
        ],
        [
          0.0,
          0.0,
          0.0,
          1.0
        ]
      ]
    },
    {
      "file_path": "./images/0039.jpg",
      "sharpness": 202.424299555966,
      "transform_matrix": [
        [
          0.6934670937739261,
          0.14434013385918443,
          0.7058819417148796,
          3.0113140471112816
        ],
        [
          0.6698286862839057,
          -0.49004114868210846,
          -0.5578433504497378,
          -2.4798454256474978
        ],
        [
          0.26539201367554555,
          0.8596659807078998,
          -0.43651057344715893,
          -1.8085571756602985
        ],
        [
          0.0,
          0.0,
          0.0,
          1.0
        ]
      ]
    },
    {
      "file_path": "./images/0032.jpg",
      "sharpness": 385.09402196060006,
      "transform_matrix": [
        [
          0.422450611364777,
          -0.27854382218092644,
          0.8625246779723336,
          2.2987199749878022
        ],
        [
          0.7369495154206883,
          -0.4484469814432643,
          -0.5057674530524177,
          -2.0773368179128124
        ],
        [
          0.5276749877649491,
          0.8492989132204964,
          0.01582603330426412,
          0.32151995658676785
        ],
        [
          0.0,
          0.0,
          0.0,
          1.0
        ]
      ]
    },
    {
      "file_path": "./images/0036.jpg",
      "sharpness": 279.2085011513037,
      "transform_matrix": [
        [
          0.6407649063370862,
          -0.12486313226267079,
          0.7575153681855512,
          2.3711937353758135
        ],
        [
          0.5677696805004614,
          -0.5870853678965816,
          -0.5770341070661521,
          -2.516907110982114
        ],
        [
          0.5167764746492016,
          0.799837464136447,
          -0.30529020006106367,
          -0.8376363478224109
        ],
        [
          0.0,
          0.0,
          0.0,
          1.0
        ]
      ]
    },
    {
      "file_path": "./images/0040.jpg",
      "sharpness": 219.3224796649612,
      "transform_matrix": [
        [
          0.6722846823578774,
          0.26286408157013136,
          0.6920518625913596,
          2.7958290956511944
        ],
        [
          0.7259662772564476,
          -0.41711918861564545,
          -0.5467947940375185,
          -2.430264316049069
        ],
        [
          0.14493540006205233,
          0.8700080787782944,
          -0.4712532999457481,
          -1.9716267517959067
        ],
        [
          0.0,
          0.0,
          0.0,
          1.0
        ]
      ]
    },
    {
      "file_path": "./images/0043.jpg",
      "sharpness": 346.22225237731425,
      "transform_matrix": [
        [
          0.5564966417320443,
          0.5885619520940261,
          0.5864352618295876,
          2.425625300033029
        ],
        [
          0.8190745063413392,
          -0.2702155436033093,
          -0.5060637440761309,
          -2.033034286673965
        ],
        [
          -0.13938594203402838,
          0.7619569466649353,
          -0.6324501329217498,
          -2.6502873117602808
        ],
        [
          0.0,
          0.0,
          0.0,
          1.0
        ]
      ]
    },
    {
      "file_path": "./images/0041.jpg",
      "sharpness": 309.4931138823897,
      "transform_matrix": [
        [
          0.6297095903706446,
          0.39190349754624276,
          0.6707290663413719,
          2.6334826489515493
        ],
        [
          0.7765801161390701,
          -0.3395057314743316,
          -0.5307157257185807,
          -2.239220506766821
        ],
        [
          0.019727013177418692,
          0.8550716384827394,
          -0.5181344787349563,
          -2.1317041163994603
        ],
        [
          0.0,
          0.0,
          0.0,
          1.0
        ]
      ]
    },
    {
      "file_path": "./images/0042.jpg",
      "sharpness": 317.1084437450265,
      "transform_matrix": [
        [
          0.5943755831553927,
          0.5131356353577768,
          0.6192006830612905,
          2.468843364515681
        ],
        [
          0.8004970095983048,
          -0.30383691541909097,
          -0.5166117173122152,
          -2.2483920081475732
        ],
        [
          -0.07695585622953904,
          0.8027296858741475,
          -0.5913567854085845,
          -2.4957990610293184
        ],
        [
          0.0,
          0.0,
          0.0,
          1.0
        ]
      ]
    },
    {
      "file_path": "./images/0044.jpg",
      "sharpness": 180.1992466788688,
      "transform_matrix": [
        [
          0.5135103590056485,
          0.6455312788414749,
          0.5653286471249188,
          2.220365061592611
        ],
        [
          0.8358553490843447,
          -0.2273191877828348,
          -0.4996717145129714,
          -1.8659732359489263
        ],
        [
          -0.19404367197566547,
          0.7291195751945033,
          -0.6563015301481405,
          -2.788592692989108
        ],
        [
          0.0,
          0.0,
          0.0,
          1.0
        ]
      ]
    },
    {
      "file_path": "./images/0046.jpg",
      "sharpness": 246.9986195013288,
      "transform_matrix": [
        [
          0.43270653345845933,
          0.7235356937281675,
          0.5378300436314184,
          1.7454038574390376
        ],
        [
          0.8586197435747381,
          -0.14887219036563182,
          -0.49051932366715373,
          -1.5867249958197913
        ],
        [
          -0.27484030249673314,
          0.674042410288001,
          -0.6856600012375301,
          -2.656129157914835
        ],
        [
          0.0,
          0.0,
          0.0,
          1.0
        ]
      ]
    },
    {
      "file_path": "./images/0045.jpg",
      "sharpness": 207.3419279859169,
      "transform_matrix": [
        [
          0.47274471529142614,
          0.6826875944786235,
          0.5571804757328899,
          2.0729051892176233
        ],
        [
          0.8488946543780653,
          -0.18318562608887234,
          -0.4958032797130985,
          -1.6925918513671128
        ],
        [
          -0.23641129407032266,
          0.707375907682002,
          -0.6661298862139896,
          -2.7209580398331945
        ],
        [
          0.0,
          0.0,
          0.0,
          1.0
        ]
      ]
    },
    {
      "file_path": "./images/0047.jpg",
      "sharpness": 247.65896402570496,
      "transform_matrix": [
        [
          0.3979253443593051,
          0.7567214568792812,
          0.5186791465288897,
          1.5276417145545107
        ],
        [
          0.8672066417298278,
          -0.125784888833023,
          -0.4817995457578081,
          -1.5265297555872561
        ],
        [
          -0.299346055403481,
          0.6415222509544445,
          -0.7062868685492619,
          -2.538830839618285
        ],
        [
          0.0,
          0.0,
          0.0,
          1.0
        ]
      ]
    },
    {
      "file_path": "./images/0049.jpg",
      "sharpness": 137.34325230588053,
      "transform_matrix": [
        [
          0.35600139394251556,
          0.8088553453259592,
          0.46799149338157886,
          1.222186208817131
        ],
        [
          0.8740907078693667,
          -0.111109348907128,
          -0.4728849194184095,
          -1.457677374882047
        ],
        [
          -0.33049726467191426,
          0.5774147062140943,
          -0.7465680244508716,
          -2.4321926730616927
        ],
        [
          0.0,
          0.0,
          0.0,
          1.0
        ]
      ]
    },
    {
      "file_path": "./images/0051.jpg",
      "sharpness": 125.48778132208466,
      "transform_matrix": [
        [
          0.3042261793004958,
          0.8268793871280253,
          0.4729872207575112,
          1.9769947148945373
        ],
        [
          0.8888833138574711,
          -0.06787123667889507,
          -0.4530783040368742,
          -1.393610683804173
        ],
        [
          -0.34253888275689015,
          0.5582687295602585,
          -0.7556474968100138,
          -2.746198659367136
        ],
        [
          0.0,
          0.0,
          0.0,
          1.0
        ]
      ]
    },
    {
      "file_path": "./images/0053.jpg",
      "sharpness": 76.45845577852225,
      "transform_matrix": [
        [
          0.19533987939252495,
          0.7971731665260307,
          0.5712768804342483,
          2.7679580106770065
        ],
        [
          0.917938786278814,
          0.05647454558316448,
          -0.3926818182162822,
          -1.274401052032866
        ],
        [
          -0.3452980106893649,
          0.6011036252649671,
          -0.7207244380119805,
          -3.2405431920743997
        ],
        [
          0.0,
          0.0,
          0.0,
          1.0
        ]
      ]
    },
    {
      "file_path": "./images/0054.jpg",
      "sharpness": 91.20692605349879,
      "transform_matrix": [
        [
          0.12726521298068483,
          0.760232258105679,
          0.637063952307327,
          2.955217096909634
        ],
        [
          0.9269987580047514,
          0.13729991431050645,
          -0.3490301365204275,
          -1.0033615178671211
        ],
        [
          -0.35281279489596673,
          0.6349768872194401,
          -0.6872608562221556,
          -3.1512695156122392
        ],
        [
          0.0,
          0.0,
          0.0,
          1.0
        ]
      ]
    },
    {
      "file_path": "./images/0048.jpg",
      "sharpness": 207.88606760205533,
      "transform_matrix": [
        [
          0.37406599533141327,
          0.7857273156636888,
          0.4926532417284635,
          1.339105711407557
        ],
        [
          0.871237096987392,
          -0.11567029800127407,
          -0.4770391000796163,
          -1.4644194950246667
        ],
        [
          -0.31783730429015383,
          0.6076618859282179,
          -0.7278231106746564,
          -2.4572765408374617
        ],
        [
          0.0,
          0.0,
          0.0,
          1.0
        ]
      ]
    },
    {
      "file_path": "./images/0050.jpg",
      "sharpness": 152.8170949025849,
      "transform_matrix": [
        [
          0.33530203163277184,
          0.8221639651622833,
          0.46002061040835834,
          1.4194643204215025
        ],
        [
          0.8795378805750178,
          -0.09819365867507711,
          -0.46558685767652436,
          -1.4358550327172082
        ],
        [
          -0.33761763023284,
          0.5607177719798504,
          -0.7560488846511956,
          -2.6203022537964054
        ],
        [
          0.0,
          0.0,
          0.0,
          1.0
        ]
      ]
    },
    {
      "file_path": "./images/0055.jpg",
      "sharpness": 117.57970379006181,
      "transform_matrix": [
        [
          0.03796968624818376,
          0.694402203623373,
          0.718584638409512,
          3.2149923053457212
        ],
        [
          0.9270929266362099,
          0.2438703534796831,
          -0.28465058595810727,
          -0.864065798827055
        ],
        [
          -0.3729034839259922,
          0.6770028288980882,
          -0.634515690412969,
          -2.960250565677427
        ],
        [
          0.0,
          0.0,
          0.0,
          1.0
        ]
      ]
    },
    {
      "file_path": "./images/0052.jpg",
      "sharpness": 94.56722688837432,
      "transform_matrix": [
        [
          0.2559291287509633,
          0.8185974351779519,
          0.5141969663521585,
          2.463619383039481
        ],
        [
          0.9030841777752601,
          -0.012696347959335514,
          -0.4292758677260698,
          -1.2771590968678521
        ],
        [
          -0.3448757006999088,
          0.5742273433936191,
          -0.7425117569481693,
          -2.9635441460432728
        ],
        [
          0.0,
          0.0,
          0.0,
          1.0
        ]
      ]
    },
    {
      "file_path": "./images/0057.jpg",
      "sharpness": 79.02537156912278,
      "transform_matrix": [
        [
          -0.1586760959137898,
          0.45978396873155886,
          0.8737394341060303,
          3.941596148554025
        ],
        [
          0.8870226317932481,
          0.455028249084888,
          -0.07835906605373398,
          0.0002486010035810417
        ],
        [
          -0.43360436723397194,
          0.762592941661417,
          -0.4800408920958895,
          -2.3010691920252153
        ],
        [
          0.0,
          0.0,
          0.0,
          1.0
        ]
      ]
    },
    {
      "file_path": "./images/0056.jpg",
      "sharpness": 39.373583138288744,
      "transform_matrix": [
        [
          -0.06438507237679278,
          0.5879119310945029,
          0.8063585578144988,
          3.5901577128637423
        ],
        [
          0.9153919004057971,
          0.3565603518614956,
          -0.1868753171592281,
          -0.559484163284522
        ],
        [
          -0.39738171968584546,
          0.726102111825559,
          -0.5611269839371362,
          -2.734669062420109
        ],
        [
          0.0,
          0.0,
          0.0,
          1.0
        ]
      ]
    },
    {
      "file_path": "./images/0058.jpg",
      "sharpness": 38.48168027630622,
      "transform_matrix": [
        [
          -0.23613847684739087,
          0.3595233984572646,
          0.9027632833377995,
          4.23118681395635
        ],
        [
          0.8582941868453974,
          0.51275617339736,
          0.020302597907330213,
          0.4916292346066518
        ],
        [
          -0.45559818765077226,
          0.7796307027321798,
          -0.4296583047109209,
          -2.04578198702871
        ],
        [
          0.0,
          0.0,
          0.0,
          1.0
        ]
      ]
    },
    {
      "file_path": "./images/0060.jpg",
      "sharpness": 70.75093209482827,
      "transform_matrix": [
        [
          -0.3582293510103824,
          0.13058754105775733,
          0.9244558541239708,
          4.22558427683533
        ],
        [
          0.7921862069925257,
          0.5665110823783346,
          0.2269497896117455,
          1.395329687915469
        ],
        [
          -0.4940776715617853,
          0.8136412524550621,
          -0.3063905462116055,
          -1.4526121885342844
        ],
        [
          0.0,
          0.0,
          0.0,
          1.0
        ]
      ]
    },
    {
      "file_path": "./images/0061.jpg",
      "sharpness": 130.64160463602622,
      "transform_matrix": [
        [
          -0.39182565638532985,
          0.03264025241214152,
          0.9194603139611782,
          4.340480787783028
        ],
        [
          0.7650222350143028,
          0.5667184176524127,
          0.30589412390361254,
          1.659709328734155
        ],
        [
          -0.5110906328066646,
          0.8232647502764816,
          -0.24702533483407957,
          -1.0631989819329741
        ],
        [
          0.0,
          0.0,
          0.0,
          1.0
        ]
      ]
    },
    {
      "file_path": "./images/0059.jpg",
      "sharpness": 69.6575881699799,
      "transform_matrix": [
        [
          -0.29959300634807634,
          0.25397864003900483,
          0.919640625994834,
          4.346932196168442
        ],
        [
          0.8290067730722401,
          0.5463942212056622,
          0.11916847420732388,
          0.8573708192834897
        ],
        [
          -0.47222007661483584,
          0.7980903491917974,
          -0.3742459001902317,
          -1.9250554690525585
        ],
        [
          0.0,
          0.0,
          0.0,
          1.0
        ]
      ]
    },
    {
      "file_path": "./images/0072.jpg",
      "sharpness": 33.13401262548419,
      "transform_matrix": [
        [
          0.30669524444313273,
          -0.2621643553557936,
          0.9149906435837252,
          5.214582244584501
        ],
        [
          0.9439793614866192,
          -0.039260100346280205,
          -0.3276608148979785,
          -2.299105982465163
        ],
        [
          0.12182361079608711,
          0.964224297215967,
          0.23543685470074888,
          1.689435724667692
        ],
        [
          0.0,
          0.0,
          0.0,
          1.0
        ]
      ]
    },
    {
      "file_path": "./images/0062.jpg",
      "sharpness": 82.25002356233294,
      "transform_matrix": [
        [
          -0.401739529185742,
          -0.04556977541682139,
          0.9146194543562858,
          4.29805567167203
        ],
        [
          0.7497819630356094,
          0.5570577008523586,
          0.35709064092894477,
          1.8874893430780157
        ],
        [
