{
  "camera_angle_x": 0.6446143914358344,
  "camera_angle_y": 1.0549603035213098,
  "fl_x": 3233.998295500522,
  "fl_y": 3295.9274936476027,
  "k1": 0.03795883868637012,
  "k2": -0.045324490322168384,
  "p1": 0.004284965459123321,
  "p2": -0.0018219413393757858,
  "cx": 1084.42106074435,
  "cy": 1932.795113865242,
  "w": 2160.0,
  "h": 3840.0,
  "aabb_scale": 16,
  "frames": [
    {
      "file_path": "./images/0005.jpg",
      "sharpness": 170.58256910404157,
      "transform_matrix": [
        [
          0.6241156030541308,
          -0.5364703040463172,
          0.5680487012372616,
          2.3361178664826756
        ],
        [
          0.7792217266805149,
          0.37396864386166206,
          -0.5029522383661944,
          -2.237147217194087
        ],
        [
          0.057386537788011095,
          0.7565362293720653,
          0.6514289823188492,
          2.8122306022526478
        ],
        [
          0.0,
          0.0,
          0.0,
          1.0
        ]
      ]
    },
    {
      "file_path": "./images/0015.jpg",
      "sharpness": 57.834723054729004,
      "transform_matrix": [
        [
          -0.3527698851383893,
          0.5978405294369259,
          -0.7198194979149515,
          -2.549242369285833
        ],
        [
          -0.9343554959592797,
          -0.18368545233849667,
          0.3053513742725735,
          1.0839426461131065
        ],
        [
          0.05033105718283078,
          0.7802860732044697,
          0.6233942803096417,
          2.273371022942525
        ],
        [
          0.0,
          0.0,
          0.0,
          1.0
        ]
      ]
    },
    {
      "file_path": "./images/0013.jpg",
      "sharpness": 89.10684582311848,
      "transform_matrix": [
        [
          0.14600923678308814,
          0.6631446268286157,
          -0.7341120532717506,
          -2.559990683305917
        ],
        [
          -0.9865434502768502,
          0.15279214481554354,
          -0.05819433992042235,
          -0.3628661266221867
        ],
        [
          0.07357529132426718,
          0.7327303490814118,
          0.6765300526350254,
          2.5258169723511426
        ],
        [
          0.0,
          0.0,
          0.0,
          1.0
        ]
      ]
    },
    {
      "file_path": "./images/0009.jpg",
      "sharpness": 164.458364119025,
      "transform_matrix": [
        [
          0.9733166739703099,
          0.10192593964130256,
          -0.2055863688966751,
          -0.7951282721977392
        ],
        [
          -0.21593293637429858,
          0.7099686324677386,
          -0.6703115006479611,
          -2.880647748575604
        ],
        [
          0.07763774362366528,
          0.6968182286491098,
          0.7130334754162051,
          2.8887869924250347
        ],
        [
          0.0,
          0.0,
          0.0,
          1.0
        ]
      ]
    },
    {
      "file_path": "./images/0003.jpg",
      "sharpness": 109.06971570566436,
      "transform_matrix": [
        [
          0.22447886242169454,
          -0.6315673889456035,
          0.7421131137655528,
          3.0947222745908136
        ],
        [
          0.9731171962864298,
          0.10503695524280868,
          -0.20496380247550422,
          -0.8021458919931952
        ],
        [
          0.0514991516421229,
          0.7681730738122531,
          0.638167663021831,
          2.776016749234833
        ],
        [
          0.0,
          0.0,
          0.0,
          1.0
        ]
      ]
    },
    {
      "file_path": "./images/0008.jpg",
      "sharpness": 183.9119500701372,
      "transform_matrix": [
        [
          0.9954127711705876,
          -0.09513549421541773,
          -0.010131772174129597,
          -0.012183593312384902
        ],
        [
          0.05905333818127015,
          0.694271187279705,
          -0.7172867082019128,
          -3.113666397534308
        ],
        [
          0.07527362297551966,
          0.7133980349665207,
          0.6967044749869308,
          2.922328666076231
        ],
        [
          0.0,
          0.0,
          0.0,
          1.0
        ]
      ]
    },
    {
      "file_path": "./images/0001.jpg",
      "sharpness": 234.50795832583296,
      "transform_matrix": [
        [
          -0.06407296532347896,
          -0.6258733476079258,
          0.7772883685899422,
          3.3795744142872275
        ],
        [
          0.9957250969766821,
          -0.09202058383464674,
          0.00798394650325448,
          0.34184136275783844
        ],
        [
          0.06652959016041211,
          0.7744770913205149,
          0.6290938314191064,
          2.8085778894478204
        ],
        [
          0.0,
          0.0,
          0.0,
          1.0
        ]
      ]
    },
    {
      "file_path": "./images/0011.jpg",
      "sharpness": 243.20510549264972,
      "transform_matrix": [
        [
          0.6633589783366942,
          0.49307151958724166,
          -0.5628812863371231,
          -2.04950147398892
        ],
        [
          -0.7419342570052873,
          0.5312996773367475,
          -0.408967249476213,
          -1.8041132222147997
        ],
        [
          0.09740854264915613,
          0.688913005746423,
          0.7182690626841486,
          2.79592642903342
        ],
        [
          0.0,
          0.0,
          0.0,
          1.0
        ]
      ]
    },
    {
      "file_path": "./images/0010.jpg",
      "sharpness": 229.19601331184,
      "transform_matrix": [
        [
          0.8670716292705822,
          0.3131308523028933,
          -0.38747368830235596,
          -1.4974664426750433
        ],
        [
          -0.49239362838025547,
          0.6568936820098314,
          -0.5709984284272182,
          -2.4448422436131825
        ],
        [
          0.07573179323383694,
          0.685886112932407,
          0.7237575116410396,
          2.8833893763035885
        ],
        [
          0.0,
          0.0,
          0.0,
          1.0
        ]
      ]
    },
    {
      "file_path": "./images/0004.jpg",
      "sharpness": 173.04489474725838,
      "transform_matrix": [
        [
          0.4254671625641627,
          -0.6022376367558506,
          0.6754905791577244,
          2.7742148617386215
        ],
        [
          0.9031172443371869,
          0.23476896219643098,
          -0.35953133016508576,
          -1.4904107387179648
        ],
        [
          0.05793907637598364,
          0.7630159653229127,
          0.6437776791469323,
          2.7794456034170376
        ],
        [
          0.0,
          0.0,
          0.0,
          1.0
        ]
      ]
    },
    {
      "file_path": "./images/0014.jpg",
      "sharpness": 105.65025282115846,
      "transform_matrix": [
        [
          -0.12334597343493259,
          0.6475010785638501,
          -0.7520160398372823,
          -2.6791838235076932
        ],
        [
          -0.9892614289764134,
          -0.020355667033006987,
          0.14473241502664555,
          0.38240231565965604
        ],
        [
          0.07840660672249555,
          0.7617926228016637,
          0.643058631808947,
          2.418969569898175
        ],
        [
          0.0,
          0.0,
          0.0,
          1.0
        ]
      ]
    },
    {
      "file_path": "./images/0016.jpg",
      "sharpness": 138.13214021247052,
      "transform_matrix": [
        [
          -0.5532554065153271,
          0.516961322324844,
          -0.6531917378980062,
          -2.2584579954217228
        ],
        [
          -0.8330031104858607,
          -0.34689926607932714,
          0.43100663233268655,
          1.7573275072597063
        ],
        [
          -0.0037779759044151706,
          0.7825674989947276,
          0.6225542839720657,
          2.2297088221305326
        ],
        [
          0.0,
          0.0,
          0.0,
          1.0
        ]
      ]
    },
    {
      "file_path": "./images/0006.jpg",
      "sharpness": 161.1075019063543,
      "transform_matrix": [
        [
          0.8090799081912804,
          -0.42194311969800186,
          0.4090888729569851,
          1.6248036339797138
        ],
        [
          0.585463023929302,
          0.5180181141235718,
          -0.6236106806747901,
          -2.755037537018768
        ],
        [
          0.05121278960280047,
          0.7440572808846876,
          0.6661501430010753,
          2.826368658820445
        ],
        [
          0.0,
          0.0,
          0.0,
          1.0
        ]
      ]
    },
    {
      "file_path": "./images/0002.jpg",
      "sharpness": 153.0392194710072,
      "transform_matrix": [
        [
          0.05471287748886092,
          -0.6337554920415609,
          0.771596058453228,
          3.3723736118812218
        ],
        [
          0.996562482288013,
          -0.013483703707399888,
          -0.08173988396458692,
          -0.20684449716732067
        ],
        [
          0.062207073015377826,
          0.7734159075931037,
          0.6308392140835601,
          2.792661036596094
        ],
        [
          0.0,
          0.0,
          0.0,
          1.0
        ]
      ]
    },
    {
      "file_path": "./images/0007.jpg",
      "sharpness": 143.1672912876755,
      "transform_matrix": [
        [
          0.941007067056123,
          -0.2727514496415813,
          0.20028066942507983,
          0.7859473209310398
        ],
        [
          0.3318235194092391,
          0.6277660162750524,
          -0.7041327863246222,
          -3.1505894150424965
        ],
        [
          0.06632384022832344,
          0.7290517646756571,
          0.6812376037165351,
          2.881313666537365
        ],
        [
          0.0,
          0.0,
          0.0,
          1.0
        ]
      ]
    },
    {
      "file_path": "./images/0012.jpg",
      "sharpness": 272.6901416753419,
      "transform_matrix": [
        [
          0.4103465505087409,
          0.6121058989532385,
          -0.6759749085792568,
          -2.5070368222884882
        ],
        [
          -0.9077828159437502,
          0.34479086775030676,
          -0.23885061564393167,
          -1.0877988066279305
        ],
        [
          0.08686810450221316,
          0.7116499322337734,
          0.6971429598358052,
          2.700084813788992
        ],
        [
          0.0,
          0.0,
          0.0,
          1.0
        ]
      ]
    },
    {
      "file_path": "./images/0017.jpg",
      "sharpness": 155.04120056902772,
      "transform_matrix": [
        [
          -0.7282208457916703,
          0.39939701537557304,
          -0.5569348471231246,
          -1.910000967114812
        ],
        [
          -0.6836069705472759,
          -0.4811073047195554,
          0.5488326440408955,
          2.2391228964667618
        ],
        [
          -0.04874330323318621,
          0.7803959158755889,
          0.6233829520859446,
          2.1705934593033733
        ],
        [
          0.0,
          0.0,
          0.0,
          1.0
        ]
      ]
    },
    {
      "file_path": "./images/0021.jpg",
      "sharpness": 199.08256640191388,
      "transform_matrix": [
        [
          -0.9825737773368429,
          -0.16873797987540132,
          0.0779504093259697,
          0.058612478950644836
        ],
        [
          0.16427069438872527,
          -0.5920982440674538,
          0.7889453772838415,
          2.8164826935715697
        ],
        [
          -0.08697074870866583,
          0.7880020073380873,
          0.6094989133517531,
          2.088599684695054
        ],
        [
          0.0,
          0.0,
          0.0,
          1.0
        ]
      ]
    },
    {
      "file_path": "./images/0019.jpg",
      "sharpness": 115.07180366907289,
      "transform_matrix": [
        [
          -0.9439022566813244,
          0.16992026759169407,
          -0.28315301970838747,
          -0.8936229593321443
        ],
        [
          -0.32817484315101886,
          -0.5780755746628217,
          0.7470809208521597,
          2.650398121454621
        ],
        [
          -0.03673965460159111,
          0.798095064946454,
          0.6014103966216747,
          1.9856466712022594
        ],
        [
          0.0,
          0.0,
          0.0,
          1.0
        ]
      ]
    },
    {
      "file_path": "./images/0020.jpg",
      "sharpness": 165.76529961084762,
      "transform_matrix": [
        [
          -0.9949785130143862,
          0.006949128449097701,
          -0.09984722494886066,
          -0.46002046284906495
        ],
        [
          -0.08351807254982023,
          -0.6074127030617058,
          0.7899838857325475,
          2.8168889726239947
        ],
        [
          -0.0551587733047248,
          0.794356039708674,
          0.6049429658923546,
          2.0075771226817807
        ],
        [
          0.0,
          0.0,
          0.0,
          1.0
        ]
      ]
    },
    {
      "file_path": "./images/0018.jpg",
      "sharpness": 202.8778278104523,
      "transform_matrix": [
        [
          -0.850333684019437,
          0.30528358961541724,
          -0.42864269013942896,
          -1.3785337786654615
        ],
        [
          -0.5252549120245062,
          -0.5422803618329392,
          0.6557738074707796,
          2.34466715181169
        ],
        [
          -0.03224753118540466,
          0.7827732360892153,
          0.6214709628547682,
          2.0650595852015767
        ],
        [
          0.0,
          0.0,
          0.0,
          1.0
        ]
      ]
    },
    {
      "file_path": "./images/0022.jpg",
      "sharpness": 83.5205201675701,
      "transform_matrix": [
        [
          -0.9515217549402984,
          -0.26142745738967754,
          0.1620556523994532,
          0.6332567801622596
        ],
        [
          0.2835294228705498,
          -0.5412538879530712,
          0.7916156233568389,
          3.127357973504893
        ],
        [
          -0.11923680771814736,
          0.7991870327723851,
          0.5891372254495765,
          2.425866914811821
        ],
        [
          0.0,
          0.0,
          0.0,
          1.0
        ]
      ]
    },
    {
      "file_path": "./images/0024.jpg",
      "sharpness": 179.0614249369844,
      "transform_matrix": [
        [
          -0.9470686410523492,
          -0.2859738958251771,
          0.1458763864315838,
          0.7117309193070092
        ],
        [
          0.2691198277592025,
          -0.4594836121781418,
          0.8464332982857203,
          4.265275858644583
        ],
        [
          -0.17503001889784306,
          0.8408886615395179,
          0.5121237657594772,
          2.670512006822536
        ],
        [
          0.0,
          0.0,
          0.0,
          1.0
        ]
      ]
    },
    {
      "file_path": "./images/0023.jpg",
      "sharpness": 146.12801070291593,
      "transform_matrix": [
        [
          -0.9407237089111891,
          -0.2913582035071505,
          0.17363554019258637,
          0.6867506094581737
        ],
        [
          0.302916210673967,
          -0.4914185218396575,
          0.8165473689285331,
          3.7405061814376337
        ],
        [
          -0.1525800539892368,
          0.8207424892735885,
          0.5505461774478175,
          2.5728955927445583
        ],
        [
          0.0,
          0.0,
          0.0,
          1.0
        ]
      ]
    }
  ]
}