{
  "camera_angle_x": 0.6461525125251202,
  "camera_angle_y": 1.0573215519433543,
  "fl_x": 1612.869564242795,
  "fl_y": 1643.4994755657115,
  "k1": -0.023751524369032516,
  "k2": 0.0015564793521669427,
  "p1": -0.010259734864213511,
  "p2": -0.0004509369498965261,
  "cx": 539.9100254594551,
  "cy": 983.8487476527166,
  "w": 1080.0,
  "h": 1920.0,
  "aabb_scale": 16,
  "frames": [
    {
      "file_path": "./images/0007.jpg",
      "sharpness": 27.3428650654634,
      "transform_matrix": [
        [
          -0.9972243576920834,
          -0.007548744333016753,
          0.07407156643536154,
          0.21853659136806405
        ],
        [
          0.0561564160130829,
          -0.7294825468065069,
          0.6816903042044105,
          3.0375737380016843
        ],
        [
          0.04888800910847931,
          0.6839577694546493,
          0.7278816746138452,
          2.9699707184892032
        ],
        [
          0.0,
          0.0,
          0.0,
          1.0
        ]
      ]
    },
    {
      "file_path": "./images/0012.jpg",
      "sharpness": 22.07708525394995,
      "transform_matrix": [
        [
          -0.521951515150689,
          -0.5198301640831735,
          0.6762715552281808,
          2.642922457694468
        ],
        [
          0.8521042417355146,
          -0.28195048653753324,
          0.44093342395268253,
          1.585034302171438
        ],
        [
          -0.0385354000949985,
          0.8063997294876902,
          0.59011397144308,
          1.9383645957615439
        ],
        [
          0.0,
          0.0,
          0.0,
          1.0
        ]
      ]
    },
    {
      "file_path": "./images/0003.jpg",
      "sharpness": 45.98305108270817,
      "transform_matrix": [
        [
          -0.4905695773849019,
          0.7128531334821784,
          -0.501180506303487,
          -2.0259636993648025
        ],
        [
          -0.8641035290327949,
          -0.32366820730752005,
          0.38543998585052014,
          1.1073046084880043
        ],
        [
          0.11254590567014493,
          0.6221569751452187,
          0.7747606839958158,
          2.893527525865828
        ],
        [
          0.0,
          0.0,
          0.0,
          1.0
        ]
      ]
    },
    {
      "file_path": "./images/0005.jpg",
      "sharpness": 55.933869577554276,
      "transform_matrix": [
        [
          -0.8863230084751492,
          0.39946790540875976,
          -0.23421553591826547,
          -1.0889143556179686
        ],
        [
          -0.4528239151579695,
          -0.6418805638608232,
          0.6188213341504665,
          2.4045031040678224
        ],
        [
          0.09686086191515994,
          0.6545339825581783,
          0.7498021333499981,
          2.8879873471926456
        ],
        [
          0.0,
          0.0,
          0.0,
          1.0
        ]
      ]
    },
    {
      "file_path": "./images/0002.jpg",
      "sharpness": 100.14979057273256,
      "transform_matrix": [
        [
          -0.2505432199884051,
          0.7664698292317197,
          -0.591398423962155,
          -2.4121075414321367
        ],
        [
          -0.9618577422655229,
          -0.12779064922807726,
          0.24186614813731222,
          0.5672054526493847
        ],
        [
          0.109807916709154,
          0.6294390764121424,
          0.7692520202014751,
          2.9421526939031617
        ],
        [
          0.0,
          0.0,
          0.0,
          1.0
        ]
      ]
    },
    {
      "file_path": "./images/0004.jpg",
      "sharpness": 75.7722617669297,
      "transform_matrix": [
        [
          -0.7174614789727556,
          0.584693476051082,
          -0.3786589036627966,
          -1.5158624266638558
        ],
        [
          -0.6870606542744946,
          -0.5043171591630407,
          0.523079210371305,
          1.7609209646614021
        ],
        [
          0.11487681917504043,
          0.6354508179903213,
          0.7635480170901383,
          2.847836935043523
        ],
        [
          0.0,
          0.0,
          0.0,
          1.0
        ]
      ]
    },
    {
      "file_path": "./images/0010.jpg",
      "sharpness": 44.042997200464754,
      "transform_matrix": [
        [
          -0.7073268798916407,
          -0.5040137460259408,
          0.4956398176793675,
          1.8871301682807666
        ],
        [
          0.7067960837451714,
          -0.49304186549443024,
          0.5072957863744828,
          1.9972440966307294
        ],
        [
          -0.011312869311823886,
          0.7091402278423872,
          0.7049767062209976,
          2.8633706361728626
        ],
        [
          0.0,
          0.0,
          0.0,
          1.0
        ]
      ]
    },
    {
      "file_path": "./images/0011.jpg",
      "sharpness": 39.08911795131648,
      "transform_matrix": [
        [
          -0.5772294137699284,
          -0.5460800652259031,
          0.6071266476702204,
          2.347595276576582
        ],
        [
          0.8162538316125699,
          -0.3647831997105944,
          0.44795412665555695,
          1.9487467047701708
        ],
        [
          -0.023149217535569228,
          0.7541417503601197,
          0.6563035381299506,
          2.309667272376963
        ],
        [
          0.0,
          0.0,
          0.0,
          1.0
        ]
      ]
    },
    {
      "file_path": "./images/0009.jpg",
      "sharpness": 62.63900559392647,
      "transform_matrix": [
        [
          -0.854886678063051,
          -0.3854689626634608,
          0.34724983306411883,
          1.2102904416700184
        ],
        [
          0.518662920755509,
          -0.6187851588384505,
          0.5899946625484693,
          2.5366439093189523
        ],
        [
          -0.012551587440330867,
          0.6844841897898908,
          0.728919646909747,
          2.939838739307008
        ],
        [
          0.0,
          0.0,
          0.0,
          1.0
        ]
      ]
    },
    {
      "file_path": "./images/0013.jpg",
      "sharpness": 39.80460933816026,
      "transform_matrix": [
        [
          -0.4892341270018163,
          -0.4803943968342987,
          0.7279225182233087,
          2.7985634879197563
        ],
        [
          0.8710940678786527,
          -0.22804389938583391,
          0.434961038324778,
          1.6017867411056061
        ],
        [
          -0.0429545561460529,
          0.8468867713642408,
          0.5300355673586193,
          1.6362800847000505
        ],
        [
          0.0,
          0.0,
          0.0,
          1.0
        ]
      ]
    },
    {
      "file_path": "./images/0006.jpg",
      "sharpness": 94.2329335439988,
      "transform_matrix": [
        [
          -0.977569178477123,
          0.19660401900761326,
          -0.07553384056963314,
          -0.5520843077516991
        ],
        [
          -0.19540652131264039,
          -0.712840332180083,
          0.6735539712947475,
          2.8847704484379983
        ],
        [
          0.07857984977259108,
          0.6732054074057056,
          0.7352684453450049,
          2.9267568580074017
        ],
        [
          0.0,
          0.0,
          0.0,
          1.0
        ]
      ]
    },
    {
      "file_path": "./images/0016.jpg",
      "sharpness": 61.85292139864114,
      "transform_matrix": [
        [
          -0.2850583836422496,
          -0.5911553392798788,
          0.7545045280352805,
          2.7796734361872635
        ],
        [
          0.9558185149959534,
          -0.11636415198404819,
          0.26994508798088457,
          1.2109051376151843
        ],
        [
          -0.07178220049932663,
          0.7981195079964002,
          0.5982077956008967,
          2.3039894735873014
        ],
        [
          0.0,
          0.0,
          0.0,
          1.0
        ]
      ]
    },
    {
      "file_path": "./images/0008.jpg",
      "sharpness": 68.27952932045187,
      "transform_matrix": [
        [
          -0.9560051655014561,
          -0.20365707246800044,
          0.21113483946965908,
          0.8402762243023973
        ],
        [
          0.2929266571448037,
          -0.7013912538193877,
          0.6498032645352606,
          2.8570578196459637
        ],
        [
          0.01575109924517868,
          0.6830623001880702,
          0.7301902471308259,
          2.9595499660332747
        ],
        [
          0.0,
          0.0,
          0.0,
          1.0
        ]
      ]
    },
    {
      "file_path": "./images/0001.jpg",
      "sharpness": 82.84273292250818,
      "transform_matrix": [
        [
          -0.08124770438540634,
          0.7571509031964313,
          -0.6481676637958043,
          -2.3520645391351276
        ],
        [
          -0.9916026217718122,
          0.0042421456462547105,
          0.12925263903157685,
          0.2610792039234349
        ],
        [
          0.1006133740162952,
          0.653226234974702,
          0.7504481560910509,
          2.8197898479157146
        ],
        [
          0.0,
          0.0,
          0.0,
          1.0
        ]
      ]
    },
    {
      "file_path": "./images/0015.jpg",
      "sharpness": 61.05576099068085,
      "transform_matrix": [
        [
          -0.4003737556425464,
          -0.5087096224547041,
          0.762178047364431,
          2.7864653745756924
        ],
        [
          0.9143901535188077,
          -0.16739390069346743,
          0.36860538406203575,
          1.5150755316637539
        ],
        [
          -0.05992914938970699,
          0.8445080237052076,
          0.5321791944651505,
          1.6297910921918204
        ],
        [
          0.0,
          0.0,
          0.0,
          1.0
        ]
      ]
    },
    {
      "file_path": "./images/0014.jpg",
      "sharpness": 72.66827928949233,
      "transform_matrix": [
        [
          -0.4637093962397823,
          -0.4701621847770054,
          0.7509468129729506,
          2.8317838623093228
        ],
        [
          0.8846484010198009,
          -0.19912206082067135,
          0.42160124699611884,
          1.528384686730476
        ],
        [
          -0.04869088642651592,
          0.8598243570459458,
          0.5082629955841286,
          1.443175639146721
        ],
        [
          0.0,
          0.0,
          0.0,
          1.0
        ]
      ]
    },
    {
      "file_path": "./images/0026.jpg",
      "sharpness": 19.30157693185525,
      "transform_matrix": [
        [
          0.627738257341445,
          -0.5192305245253956,
          0.5799520176192078,
          2.3781892511948444
        ],
        [
          0.7767292984083655,
          0.46694902266665356,
          -0.4226703292469785,
          -1.63985885563235
        ],
        [
          -0.051344691064612785,
          0.7157920596673166,
          0.6964233267828741,
          2.0971937623440846
        ],
        [
          0.0,
          0.0,
          0.0,
          1.0
        ]
      ]
    },
    {
      "file_path": "./images/0017.jpg",
      "sharpness": 67.95350356867073,
      "transform_matrix": [
        [
          -0.0997748367480822,
          -0.6970618160552063,
          0.7100350742176706,
          2.8195707594237898
        ],
        [
          0.9897243974034056,
          0.003928910504548681,
          0.1429341836222423,
          0.6546041085535003
        ],
        [
          -0.10242362587378032,
          0.7170002708019962,
          0.6895070794439733,
          3.0824247539513974
        ],
        [
          0.0,
          0.0,
          0.0,
          1.0
        ]
      ]
    },
    {
      "file_path": "./images/0027.jpg",
      "sharpness": 27.531176697158774,
      "transform_matrix": [
        [
          0.672076196182092,
          -0.4934157584288624,
          0.5521362838367555,
          2.3389863845406778
        ],
        [
          0.7355586848948918,
          0.530697470165467,
          -0.4210862337297606,
          -1.8704695207110844
        ],
        [
          -0.08524674563900524,
          0.6891306730514575,
          0.719605383448616,
          2.008804959007332
        ],
        [
          0.0,
          0.0,
          0.0,
          1.0
        ]
      ]
    },
    {
      "file_path": "./images/0024.jpg",
      "sharpness": 43.34989004368316,
      "transform_matrix": [
        [
          0.517519836574916,
          -0.7129519927385332,
          0.473151851809975,
          1.6630020560754755
        ],
        [
          0.853890323748675,
          0.4659613454435218,
          -0.23184335134286302,
          -0.6264014632169477
        ],
        [
          -0.05517729412539574,
          0.524003321222244,
          0.8499270472409283,
          3.4074565692821372
        ],
        [
          0.0,
          0.0,
          0.0,
          1.0
        ]
      ]
    },
    {
      "file_path": "./images/0018.jpg",
      "sharpness": 59.51797638399106,
      "transform_matrix": [
        [
          0.08764058173610412,
          -0.7854572521828731,
          0.6126793888289941,
          2.591114739372613
        ],
        [
          0.989843131226217,
          0.13777798601331015,
          0.03504000764038687,
          0.21606169800101652
        ],
        [
          -0.1119361603824097,
          0.6033855580226154,
          0.7895544087896706,
          3.4844756863063306
        ],
        [
          0.0,
          0.0,
          0.0,
          1.0
        ]
      ]
    },
    {
      "file_path": "./images/0020.jpg",
      "sharpness": 50.84338830991631,
      "transform_matrix": [
        [
          0.30798642277704963,
          -0.8491993863759292,
          0.42895776672456193,
          1.6963567431493685
        ],
        [
          0.9397491595966213,
          0.34185866212701216,
          0.002042588362174269,
          0.09141055462048761
        ],
        [
          -0.1483774930252267,
          0.40248361129897847,
          0.9033222361205925,
          3.7903524051637385
        ],
        [
          0.0,
          0.0,
          0.0,
          1.0
        ]
      ]
    },
    {
      "file_path": "./images/0019.jpg",
      "sharpness": 70.09526216228888,
      "transform_matrix": [
        [
          0.22797782236681197,
          -0.8245165057265013,
          0.5178789862149541,
          2.272102443401392
        ],
        [
          0.9648663292706123,
          0.26265915338226853,
          -0.006567783903881962,
          0.021220417179128235
        ],
        [
          -0.13061040983889183,
          0.5011813055077916,
          0.8554286761161611,
          3.7160146130025122
        ],
        [
          0.0,
          0.0,
          0.0,
          1.0
        ]
      ]
    },
    {
      "file_path": "./images/0025.jpg",
      "sharpness": 49.50087769993911,
      "transform_matrix": [
        [
          0.5843709021181195,
          -0.5887327461208391,
          0.5584840216803454,
          2.202909550025672
        ],
        [
          0.8101897044064968,
          0.46217822123015045,
          -0.3605328482888786,
          -1.3563983697794864
        ],
        [
          -0.04586165788580345,
          0.6631629102387375,
          0.7470687136336787,
          2.740303016428263
        ],
        [
          0.0,
          0.0,
          0.0,
          1.0
        ]
      ]
    },
    {
      "file_path": "./images/0022.jpg",
      "sharpness": 135.55369491113498,
      "transform_matrix": [
        [
          0.41603677780450415,
          -0.8484210181155116,
          0.32725399249431036,
          0.8419090072279469
        ],
        [
          0.8985020759344715,
          0.4389485194285452,
          -0.004268118318140331,
          0.28101691819664276
        ],
        [
          -0.14002649419354365,
          0.295814085806349,
          0.9449267736883346,
          3.756816436257165
        ],
        [
          0.0,
          0.0,
          0.0,
          1.0
        ]
      ]
    },
    {
      "file_path": "./images/0023.jpg",
      "sharpness": 163.47821079844653,
      "transform_matrix": [
        [
          0.4630687441345035,
          -0.8045293149956357,
          0.37188697152216627,
          1.0852387291825414
        ],
        [
          0.8805964529041689,
          0.46523616894635267,
          -0.09002885225171234,
          -0.06369932734355808
        ],
        [
          -0.10058441908012065,
          0.36917189555176455,
          0.9239019895225128,
          3.7025514958869015
        ],
        [
          0.0,
          0.0,
          0.0,
          1.0
        ]
      ]
    },
    {
      "file_path": "./images/0031.jpg",
      "sharpness": 136.05285300121335,
      "transform_matrix": [
        [
          0.9340788212570326,
          -0.303465870338079,
          0.18816275212859235,
          0.46919998505866234
        ],
        [
          0.3422555960748741,
          0.9111300542781159,
          -0.22957162531034575,
          -1.185242025519399
        ],
        [
          -0.10177358548031275,
          0.2788377480528093,
          0.9549301794528986,
          4.2905755904249805
        ],
        [
          0.0,
          0.0,
          0.0,
          1.0
        ]
      ]
    },
    {
      "file_path": "./images/0030.jpg",
      "sharpness": 72.62752747787458,
      "transform_matrix": [
        [
          0.8642043194800312,
          -0.4252494793759663,
          0.2689122060303455,
          0.972710709084415
        ],
        [
          0.4926803990753617,
          0.8236483497809313,
          -0.28083699946968305,
          -1.644339055746838
        ],
        [
          -0.10206330691885271,
          0.375188320994778,
          0.9213125448188217,
          4.242354946068851
        ],
        [
          0.0,
          0.0,
          0.0,
          1.0
        ]
      ]
    },
    {
      "file_path": "./images/0029.jpg",
      "sharpness": 75.68986448557435,
      "transform_matrix": [
        [
          0.7789376772998271,
          -0.5004972144638732,
          0.37783413459643383,
          1.6874034161028741
        ],
        [
          0.6180285826348014,
          0.7148034357795373,
          -0.32725635096240935,
          -1.781303472451927
        ],
        [
          -0.10628624549202144,
          0.4884245965759568,
          0.8661089120598223,
          3.760506490708463
        ],
        [
          0.0,
          0.0,
          0.0,
          1.0
        ]
      ]
    },
    {
      "file_path": "./images/0021.jpg",
      "sharpness": 151.94695359929347,
      "transform_matrix": [
        [
          0.368889825857682,
          -0.8582415250663809,
          0.35684980187748977,
          1.2294074682929235
        ],
        [
          0.9169638942411447,
          0.3988112986809766,
          0.01125898323791084,
          0.15507185017582664
        ],
        [
          -0.15197865986561246,
          0.3230650596227967,
          0.9340939215448288,
          3.7875711502426914
        ],
        [
          0.0,
          0.0,
          0.0,
          1.0
        ]
      ]
    },
    {
      "file_path": "./images/0028.jpg",
      "sharpness": 82.17859951906317,
      "transform_matrix": [
        [
          0.711952022239227,
          -0.5077747659089472,
          0.4850660833383122,
          1.9637166496290688
        ],
        [
          0.6937282520123453,
          0.6157232964564845,
          -0.3736655383651263,
          -1.906272669326979
        ],
        [
          -0.10892855656070874,
          0.6025359817849235,
          0.7906231468219891,
          2.990122766031828
        ],
        [
          0.0,
          0.0,
          0.0,
          1.0
        ]
      ]
    },
    {
      "file_path": "./images/0032.jpg",
      "sharpness": 86.3814119765461,
      "transform_matrix": [
        [
          0.9773741183882474,
          -0.15392094648795598,
          0.14507989180665132,
          0.29699698419923404
        ],
        [
          0.18106264346311207,
          0.9634011979280382,
          -0.19767258528691972,
          -0.8006782612789137
        ],
        [
          -0.10934419013971405,
          0.21946861749818358,
          0.9694727299345514,
          4.247364949492265
        ],
        [
          0.0,
          0.0,
          0.0,
          1.0
        ]
      ]
    },
    {
      "file_path": "./images/0036.jpg",
      "sharpness": 31.61665942887925,
      "transform_matrix": [
        [
          0.9886961263549997,
          0.13260863251430918,
          -0.06996370761248125,
          -0.34125903259993307
        ],
        [
          -0.14515107196068758,
          0.7296500858736913,
          -0.6682379205748666,
          -2.6806933306366165
        ],
        [
          -0.03756509157414984,
          0.6708395507141865,
          0.7406504986586046,
          2.761082063756537
        ],
        [
          0.0,
          0.0,
          0.0,
          1.0
        ]
      ]
    },
    {
      "file_path": "./images/0033.jpg",
      "sharpness": 125.67191501304637,
      "transform_matrix": [
        [
          0.9955609819214083,
          -0.020543354182198412,
          0.09184934373313469,
          0.2431266649834587
        ],
        [
          0.04477037670614638,
          0.9617754219853674,
          -0.2701548649117793,
          -0.846536220893814
        ],
        [
          -0.08278855425408795,
          0.2730677723015613,
          0.9584258172051743,
          4.200086694999699
        ],
        [
          0.0,
          0.0,
          0.0,
          1.0
        ]
      ]
    },
    {
      "file_path": "./images/0035.jpg",
      "sharpness": 78.45992959081124,
      "transform_matrix": [
        [
          0.9915940129967912,
          0.12457985463073785,
          -0.034945289792552285,
          -0.15698693151130355
        ],
        [
          -0.12227119861799043,
          0.8138885861541327,
          -0.5680097915684115,
          -2.253795790534483
        ],
        [
          -0.042321004760421735,
          0.5675079111117807,
          0.8222795774262166,
          3.2851604942611723
        ],
        [
          0.0,
          0.0,
          0.0,
          1.0
        ]
      ]
    },
    {
      "file_path": "./images/0037.jpg",
      "sharpness": 34.74608555169545,
      "transform_matrix": [
        [
          0.9866522755788291,
          0.13797183251217957,
          -0.08649312457028788,
          -0.42821095980349727
        ],
        [
          -0.15754766548936366,
          0.6744646424022989,
          -0.7213017255275594,
          -2.874684273893708
        ],
        [
          -0.04118276653167784,
          0.7253007787276319,
          0.6871992143392727,
          2.447769193533917
        ],
        [
          0.0,
          0.0,
          0.0,
          1.0
        ]
      ]
    },
    {
      "file_path": "./images/0034.jpg",
      "sharpness": 60.014046018550516,
      "transform_matrix": [
        [
          0.9960935769465943,
          0.08501866467040993,
          0.023862369810670775,
          -0.09654240367851999
        ],
        [
          -0.06610046440389626,
          0.8970731398340073,
          -0.43691018573041807,
          -1.7536114346962322
        ],
        [
          -0.05855181158163953,
          0.4336261159823503,
          0.8991885658576823,
          3.9333048569738036
        ],
        [
          0.0,
          0.0,
          0.0,
          1.0
        ]
      ]
    },
    {
      "file_path": "./images/0039.jpg",
      "sharpness": 80.41482148319076,
      "transform_matrix": [
        [
          0.9485250015919368,
          0.2717464377626888,
          -0.16264745613715137,
          -0.42580191690230934
        ],
        [
          -0.3114435951699709,
          0.7071686474381969,
          -0.6347561666569909,
          -2.7266563211113097
        ],
        [
          -0.05747354557116413,
          0.6527376024734192,
          0.7554008299885284,
          2.867970089212941
        ],
        [
          0.0,
          0.0,
          0.0,
          1.0
        ]
      ]
    },
    {
      "file_path": "./images/0040.jpg",
      "sharpness": 75.34613666449623,
      "transform_matrix": [
        [
          0.8843540174585318,
          0.4197646044553818,
          -0.20424409103069022,
          -0.8286674059979638
        ],
        [
          -0.4633130905976759,
          0.7357428707105417,
          -0.4939872551802168,
          -2.1269650101535675
        ],
        [
          -0.05708723091613833,
          0.5314885747436799,
          0.8451395997430748,
          3.5183437081579316
        ],
        [
          0.0,
          0.0,
          0.0,
          1.0
        ]
      ]
    },
    {
      "file_path": "./images/0038.jpg",
      "sharpness": 51.09145588830809,
      "transform_matrix": [
        [
          0.9775332736291631,
          0.17440360830049034,
          -0.11837263378502122,
          -0.405197570026565
        ],
        [
          -0.2053800695233315,
          0.6617844013131445,
          -0.7210134764498083,
          -2.949876572192453
        ],
        [
          -0.04741018934484704,
          0.7291260437211522,
          0.6827352974502284,
          2.345982671704635
        ],
        [
          0.0,
          0.0,
          0.0,
          1.0
        ]
      ]
    },
    {
      "file_path": "./images/0044.jpg",
      "sharpness": 27.990747974066096,
      "transform_matrix": [
        [
          0.45427084833276077,
          0.7934162290822353,
          -0.40512798453518556,
          -1.41941580971937
        ],
        [
          -0.887573723054293,
          0.4421325550655764,
          -0.12935103360920522,
          -0.5151187057029532
        ],
        [
          0.07649106161700384,
          0.41834135731774996,
          0.905063327243388,
          3.2870231928384044
        ],
        [
          0.0,
          0.0,
          0.0,
          1.0
        ]
      ]
    },
    {
      "file_path": "./images/0041.jpg",
      "sharpness": 56.60617037125575,
      "transform_matrix": [
        [
          0.7839623528749726,
          0.5768095689257444,
          -0.22955119372378666,
          -0.8730785843757364
        ],
        [
          -0.6203032019318792,
          0.7128938142608626,
          -0.32711824660617905,
          -1.2325929391699306
        ],
        [
          -0.02503930875077116,
          0.3988397307518655,
          0.9166787344875459,
          3.70227412769364
        ],
        [
          0.0,
          0.0,
          0.0,
          1.0
        ]
      ]
    },
    {
      "file_path": "./images/0046.jpg",
      "sharpness": 39.04820890433346,
      "transform_matrix": [
        [
          0.4034085264376016,
          0.6757993087294245,
          -0.6168929041477589,
          -2.4193780474464823
        ],
        [
          -0.9121654898719754,
          0.3502242188790404,
          -0.21283119037920367,
          -0.7793578314310927
        ],
        [
          0.07221966415284516,
          0.6485663350013215,
          0.7577242435630718,
          2.6510354149929776
        ],
        [
          0.0,
          0.0,
          0.0,
          1.0
        ]
      ]
    },
    {
      "file_path": "./images/0045.jpg",
      "sharpness": 35.15594705852313,
      "transform_matrix": [
        [
          0.42309958455572844,
          0.7418700864096021,
          -0.5202071861373702,
          -1.922267082413062
        ],
        [
          -0.9029407957627177,
          0.39299222267089234,
          -0.17393973746279098,
          -0.8372034061738444
        ],
        [
          0.07539669026791147,
          0.5433101212706013,
          0.8361396123209299,
          2.961138603129449
        ],
        [
          0.0,
          0.0,
          0.0,
          1.0
        ]
      ]
    },
    {
      "file_path": "./images/0042.jpg",
      "sharpness": 86.58189911224405,
      "transform_matrix": [
        [
          0.648144846829718,
          0.7256609934401403,
          -0.2309207227537867,
          -0.8603703939394384
        ],
        [
          -0.7615164721649158,
          0.6172444353629095,
          -0.1977421797090025,
          -0.6665174708883557
        ],
        [
          -0.0009592554428973837,
          0.3040155089205022,
          0.9526665997270132,
          3.7422270262610278
        ],
        [
          0.0,
          0.0,
          0.0,
          1.0
        ]
      ]
    },
    {
      "file_path": "./images/0043.jpg",
      "sharpness": 174.61836274966444,
      "transform_matrix": [
        [
          0.5430979017146293,
          0.7939648735100245,
          -0.2732479622155654,
          -0.74785881844784
        ],
        [
          -0.8387337097757993,
          0.5283225336606675,
          -0.131913094547667,
          -0.3462687355215813
        ],
        [
          0.03962869228848737,
          0.3008240018952602,
          0.9528559632504016,
          3.582860316329516
        ],
        [
          0.0,
          0.0,
          0.0,
          1.0
        ]
      ]
    },
    {
      "file_path": "./images/0049.jpg",
      "sharpness": 66.47050684003419,
      "transform_matrix": [
        [
          0.17722884765596889,
          0.7633101725568885,
          -0.6212467433309347,
          -2.607406590541429
        ],
        [
          -0.9834757384146869,
          0.16106002626909308,
          -0.08267490483169058,
          -0.37060394446438855
        ],
        [
          0.03695142092726676,
          0.625633477748498,
          0.7792415184539397,
          3.0935714138597143
        ],
        [
          0.0,
          0.0,
          0.0,
          1.0
        ]
      ]
    },
    {
      "file_path": "./images/0047.jpg",
      "sharpness": 64.33919838271066,
      "transform_matrix": [
        [
          0.37107692924302804,
          0.6343154619792336,
          -0.6781930457821115,
          -2.7193909997197205
        ],
        [
          -0.926747735797469,
          0.2991039840541287,
          -0.22732232824396123,
          -0.8304014127779187
        ],
        [
          0.05865617429297029,
          0.7128679411253062,
          0.6988410060977428,
          2.4009152403437546
        ],
        [
          0.0,
          0.0,
          0.0,
          1.0
        ]
      ]
    },
    {
      "file_path": "./images/0050.jpg",
      "sharpness": 53.22320115096247,
      "transform_matrix": [
        [
          0.0258501650531248,
          0.8455117423906193,
          -0.5333307252689332,
          -2.1553916886311515
        ],
        [
          -0.999017334911914,
          0.04106347531677609,
          0.016677995726361642,
          0.10594605693464229
        ],
        [
          0.03600185429893846,
          0.5323755108425264,
          0.8457423851343995,
          3.483005846477857
        ],
        [
          0.0,
          0.0,
          0.0,
          1.0
        ]
      ]
    },
    {
      "file_path": "./images/0048.jpg",
      "sharpness": 91.40570263239267,
      "transform_matrix": [
        [
          0.29673699127502906,
          0.6683889210831229,
          -0.682058214708953,
          -2.876336307621892
        ],
        [
          -0.954067682685162,
          0.23835190165517892,
          -0.18150269373805197,
          -0.8253176573227089
        ],
        [
          0.0412554828741582,
          0.704588263611892,
          0.7084160952320501,
          2.487018120963636
        ],
        [
          0.0,
          0.0,
          0.0,
          1.0
        ]
      ]
    },
    {
      "file_path": "./images/0051.jpg",
      "sharpness": 103.41522470872715,
      "transform_matrix": [
        [
          -0.11726377809081204,
          0.8949434732223724,
          -0.43049435089688104,
          -1.5212994974910465
        ],
        [
          -0.9908142462630868,
          -0.07603115195630598,
          0.11183198708487646,
          0.47919064380542054
        ],
        [
          0.06735232552972677,
          0.4396537771213856,
          0.8956384429998874,
          3.51610302599021
        ],
        [
          0.0,
          0.0,
          0.0,
          1.0
        ]
      ]
    },
    {
      "file_path": "./images/0052.jpg",
      "sharpness": 71.36938368001965,
      "transform_matrix": [
        [
          -0.2275334211261351,
          0.9041644752323658,
          -0.361545493773604,
          -0.9997979936792869
        ],
        [
          -0.9711677699592349,
          -0.18357774458886217,
          0.15209330782489147,
          0.5185144305396828
        ],
        [
          0.07114565954262296,
          0.3857276415867094,
          0.919865469356702,
          3.4601185407722412
        ],
        [
          0.0,
          0.0,
          0.0,
          1.0
        ]
      ]
    },
    {
      "file_path": "./images/0055.jpg",
      "sharpness": 74.39481818988288,
      "transform_matrix": [
        [
          -0.4166625654421777,
          0.7320399309254075,
          -0.5389896531098248,
          -2.174831279973924
        ],
        [
          -0.8997336721363776,
          -0.24736584229457145,
          0.35956843478110007,
          1.4478504331013429
        ],
        [
          0.12989082263054266,
          0.6347658463239368,
          0.7617090616551984,
          2.712735549576218
        ],
        [
          0.0,
          0.0,
          0.0,
          1.0
        ]
      ]
    },
    {
      "file_path": "./images/0053.jpg",
      "sharpness": 120.4047689887876,
      "transform_matrix": [
        [
          -0.2961292937096369,
          0.8843843533949157,
          -0.36079323295603744,
          -0.9144328768365241
        ],
        [
          -0.9500945371258919,
          -0.23393509114769503,
          0.20638494047362022,
          0.5838947849156703
        ],
        [
          0.0981214142941686,
          0.4039043063182798,
          0.9095237761955909,
          3.445132913815582
        ],
        [
          0.0,
          0.0,
          0.0,
          1.0
        ]
      ]
    },
    {
      "file_path": "./images/0056.jpg",
      "sharpness": 40.95213107108615,
      "transform_matrix": [
        [
          -0.44725974063423646,
          0.6503583880135495,
          -0.6139973058717718,
          -2.586714131110612
        ],
        [
          -0.8858330620221504,
          -0.22729437273139544,
          0.40452077122707303,
          1.7264153536084421
        ],
        [
          0.12352534419634603,
          0.7248249687539248,
          0.6777685844612981,
          2.314919818338356
        ],
        [
          0.0,
          0.0,
          0.0,
          1.0
        ]
      ]
    },
    {
      "file_path": "./images/0054.jpg",
      "sharpness": 96.91204087656696,
      "transform_matrix": [
        [
          -0.3627824381616024,
          0.8189920949373214,
          -0.44456816244675307,
          -1.500960268059673
        ],
        [
          -0.9235670993372765,
          -0.2524379166577437,
          0.28861550765035354,
          1.061235777777307
        ],
        [
          0.1241479585015419,
          0.5152931658052946,
          0.847974196390953,
          3.2255709327068542
        ],
        [
          0.0,
          0.0,
          0.0,
          1.0
        ]
      ]
    },
    {
      "file_path": "./images/0058.jpg",
      "sharpness": 57.36292242713418,
      "transform_matrix": [
        [
          -0.5162390805150296,
          0.5781915435308622,
          -0.6318162318332589,
          -2.6837229055960203
        ],
        [
          -0.850149868368925,
          -0.2566772715308869,
          0.4597412093697973,
          1.8708219484581083
        ],
        [
          0.10364561297438127,
          0.7744748655263264,
          0.6240563032689992,
          2.109863544584827
        ],
        [
          0.0,
          0.0,
          0.0,
          1.0
        ]
      ]
    },
    {
      "file_path": "./images/0061.jpg",
      "sharpness": 62.712743055532314,
      "transform_matrix": [
        [
          -0.8283598034005923,
          0.5039818973984214,
          -0.2445859425118312,
          -0.6200292259964019
        ],
        [
          -0.5584892623257884,
          -0.708904753979774,
          0.43074794677713374,
          1.5393422060520734
        ],
        [
          0.04370103011395329,
          0.49341290711620556,
          0.8686966807400266,
          3.4343222730718117
        ],
        [
          0.0,
          0.0,
          0.0,
          1.0
        ]
      ]
    },
    {
      "file_path": "./images/0060.jpg",
      "sharpness": 65.61007137339728,
      "transform_matrix": [
        [
          -0.7155271320982223,
          0.5759901385401712,
          -0.3952926556430681,
          -1.451122674698722
        ],
        [
          -0.6970154767193654,
          -0.5507251879536562,
          0.4592071347095224,
          1.5150908330334671
        ],
        [
          0.04680115906424415,
          0.6041002629544638,
          0.7955328553109651,
          3.23210563524087
        ],
        [
          0.0,
          0.0,
          0.0,
          1.0
        ]
      ]
    },
    {
      "file_path": "./images/0057.jpg",
      "sharpness": 76.44029658478279,
      "transform_matrix": [
        [
          -0.4686296854117212,
          0.5948217958899117,
          -0.6531257529410344,
          -2.7171491127628165
        ],
        [
          -0.8746772061168712,
          -0.20882155347064105,
          0.437416670814838,
          1.8230371798341005
        ],
        [
          0.12379823534543938,
          0.7762606456632419,
          0.6181370454765412,
          2.0519222459877957
        ],
        [
          0.0,
          0.0,
          0.0,
          1.0
        ]
      ]
    },
    {
      "file_path": "./images/0065.jpg",
      "sharpness": 52.42133486832333,
      "transform_matrix": [
        [
          -0.9850077858015195,
          0.16503232896725337,
          -0.050239350867761635,
          -0.1924422423120406
        ],
        [
          -0.14778765942178268,
          -0.6570470255229951,
          0.7392212212694249,
          3.042846084618416
        ],
        [
          0.08898578371624188,
          0.7355634144557074,
          0.6715861774048758,
          2.467161042763218
        ],
        [
          0.0,
          0.0,
          0.0,
          1.0
        ]
      ]
    },
    {
      "file_path": "./images/0064.jpg",
      "sharpness": 33.03686053043894,
      "transform_matrix": [
        [
          -0.9789096257232274,
          0.20031580473663751,
          -0.040118862255878185,
          -0.24266533928603135
        ],
        [
          -0.17949553243941566,
          -0.7495603512529817,
          0.6371347060589633,
          2.679253595583524
        ],
        [
          0.09755664288545622,
          0.6308984531849408,
          0.7697076349292596,
          2.806656133613437
        ],
        [
          0.0,
          0.0,
          0.0,
          1.0
        ]
      ]
    },
    {
      "file_path": "./images/0059.jpg",
      "sharpness": 124.73236102794384,
      "transform_matrix": [
        [
          -0.5988813545847766,
          0.5949452018470359,
          -0.5360795929705532,
          -2.1543065916253297
        ],
        [
          -0.7973824227600665,
          -0.3808753708184296,
          0.4680974511554766,
          1.8363813780697318
        ],
        [
